W01   ,  48.0797, -126.3425, -1697.0, OBS ,     , 0,  196.8,  7.56, jdf, 0,  6.00, 1321.18
W02   ,  48.2593, -126.4968, -2133.0, OBS ,     , 0,  180.5,  7.04, jdf, 0,  6.00, 1742.95
W03   ,  48.3875, -126.7287, -2489.0, OBS ,     , 0,  160.0,  6.38, jdf, 0,  6.00, 1960.12
W04   ,  48.5317, -126.8908, -2319.0, OBS ,     , 0,  144.2,  6.30, jdf, 0,  6.00, 1857.26
W05   ,  48.6675, -127.0134, -2011.0, OBS ,     , 0,  131.4,  6.53, jdf, 0,  6.00, 1710.12
W06   ,  48.1827, -126.0647, -1001.0, OBS ,     , 0,  214.1,  8.18, jdf, 0,  6.00, 685.08
W07   ,  48.3747, -126.2822, -1152.0, OBS ,     , 0,  192.9,  7.57, jdf, 0,  6.00, 1301.08
W08   ,  48.5645, -126.4011, -1028.0, OBS ,     , 0,  178.8,  7.36, jdf, 0,  6.00, 1918.70
W09   ,  48.6880, -126.5770, -1156.0, OBS ,     , 0,  162.6,  6.87, jdf, 0,  6.00, 1994.70
W10   ,  48.7879, -126.7022, -1070.0, OBS ,     , 0,  150.6,  6.66, jdf, 0,  6.00, 1917.87
FN01A ,  46.8820, -124.3337,   -54.0, OBS , LDEO, 1,  376.7, 10.74, jdf, 1,  6.00, 431.58
FN01C ,  46.8823, -124.3333,   -56.0, OBS , LDEO, 1,  376.8, 10.74, jdf, 3,  6.00, -999.00
FN02C ,  46.9497, -124.4280,   -67.0, OBS , LDEO, 1,  368.0, 10.62, jdf, 3,  6.00, 425.28
FN03A ,  46.8868, -124.5251,   -90.0, OBS ,     , 0,  362.7, 10.50, jdf, 1,  6.00, 411.21
FN03C ,  46.8872, -124.5251,   -93.0, OBS , LDEO, 1,  362.7, 10.50, jdf, 3,  6.00, 411.25
FN04C ,  46.9175, -124.6013,  -104.0, OBS , LDEO, 1,  356.3, 10.40, jdf, 3,  6.00, 395.98
FN05A ,  46.8578, -124.6553,  -124.0, OBS , LDEO, 1,  354.1, 10.31, jdf, 1,  6.00, 360.96
FN05C ,  46.8575, -124.6556,  -123.0, OBS , LDEO, 1,  354.0, 10.31, jdf, 3,  6.00, 360.72
FN06A ,  46.9223, -124.7316,  -134.0, OBS ,     , 0,  346.7, 10.22, jdf, 1,  6.00, 340.50
FN06C ,  46.9220, -124.7313,  -137.0, OBS , LDEO, 1,  346.7, 10.22, jdf, 3,  6.00, 340.57
FN07A ,  46.8555, -124.7865,  -154.0, OBS , LDEO, 1,  344.6, 10.14, jdf, 1,  6.00, 280.19
FN07C ,  46.8554, -124.7860,  -158.0, OBS , LDEO, 1,  344.6, 10.14, jdf, 3,  6.00, 280.49
FN08A ,  46.8888, -124.8769,  -177.0, OBS , LDEO, 1,  337.1, 10.03, jdf, 1,  6.00, 231.51
FN08C ,  46.8887, -124.8760,  -176.0, OBS , LDEO, 1,  337.1, 10.03, jdf, 3,  6.00, 232.11
FN09A ,  46.8401, -124.8877,  -198.0, OBS ,     , 0,  337.7, 10.00, jdf, 1,  6.00, 204.35
FN09C ,  46.8402, -124.8872,  -198.0, OBS , LDEO, 1,  337.7, 10.00, jdf, 3,  6.00, 204.72
FN10A ,  46.8978, -124.9936,  -795.0, OBS ,     , 0,  328.3,  9.87, jdf, 1,  6.00, 164.34
FN10C ,  46.8981, -124.9935,  -811.0, OBS , LDEO, 1,  328.3,  9.87, jdf, 3,  6.00, 164.46
FN11C ,  46.8205, -125.0454,  -619.0, OBS , LDEO, 1,  326.8,  9.80, jdf, 3,  6.00, 133.16
FN12A ,  46.8885, -125.1192,  -650.0, OBS , LDEO, 1,  319.5,  9.70, jdf, 1,  6.00, 135.52
FN12C ,  46.8887, -125.1190,  -656.0, OBS , LDEO, 1,  319.5,  9.70, jdf, 3,  6.00, 135.53
FN13C ,  47.0004, -125.3011, -1764.0, OBS , LDEO, 0,  303.1,  9.42, jdf, 3,  6.00, 198.33
FN14A ,  46.0248, -124.9647,  -173.0, OBS , LDEO, 1,  355.2,  9.77, jdf, 1,  6.00, 102.57
FN14C ,  47.0249, -124.9642,  -173.0, OBS , LDEO, 1,  326.9,  9.91, jdf, 3,  6.00, 215.56
FN16A ,  46.7996, -125.5161, -1907.0, OBS , LDEO, 0,  293.1,  9.11, jdf, 1,  6.00, 376.13
FN16C ,  46.8005, -125.5001, -1728.0, OBS , LDEO, 0,  294.3,  9.14, jdf, 3,  6.00, 369.44
FN17C ,  46.6816, -125.0005, -1015.0, OBS , LDEO, 1,  334.0,  9.83, jdf, 3,  6.00, 119.58
FN18A ,  46.6998, -124.7248,  -163.0, OBS , LDEO, 1,  353.5, 10.16, jdf, 1,  6.00, 257.67
FN18C ,  46.7001, -124.7248,  -166.0, OBS , LDEO, 1,  353.5, 10.16, jdf, 3,  6.00, 257.78
FN19A ,  46.7298, -124.3671,   -75.0, OBS ,     , 0,  378.6, 10.60, jdf, 1,  6.00, 424.06
FN19C ,  46.7301, -124.3668,   -72.0, OBS , LDEO, 1,  378.6, 10.60, jdf, 3,  6.00, -999.00
FS01B ,  40.3268, -124.9492,  -940.0, OBS ,  SIO, 0,  196.9,  7.95, gor, 2,  6.00, 641.85
FS02B ,  40.3511, -124.7980, -1402.8, OBS , LDEO, 0,  207.1,  7.96, gor, 2,  6.00, 629.60
FS02D ,  40.3260, -124.8002,  -947.9, OBS ,     , 0,  207.7,  8.01, gor, 4,  6.00, 631.41
FS03B ,  40.2732, -124.6526,  -345.0, OBS , LDEO, 1,  219.9,  8.17, gor, 2,  6.00, 625.72
FS04B ,  40.2447, -124.5097,  -159.0, OBS , LDEO, 1,  231.1,  8.28, gor, 2,  6.00, 619.56
FS05B ,  40.3866, -124.8996, -2316.0, OBS , WHOI, 0,  198.8,  7.85, gor, 2,  6.00, 633.42
FS06B ,  40.3812, -124.7853, -2198.0, OBS , WHOI, 0,  207.2,  7.91, gor, 2,  6.00, 626.66
FS06D ,  40.3700, -124.8067, -1946.8, OBS ,     , 0,  206.0,  7.92, gor, 4,  6.00, 628.78
FS07B ,  40.3392, -124.6596, -1297.0, OBS , LDEO, 0,  217.5,  8.04, gor, 2,  6.00, 622.22
FS07D ,  40.3379, -124.6577, -1273.7, OBS ,     , 0,  217.7,  8.04, gor, 4,  6.00, 622.18
FS08B ,  40.3366, -124.4598,  -120.0, OBS , LDEO, 1,  232.1,  8.13, gor, 2,  6.00, 613.68
FS09B ,  40.4387, -124.8085, -2161.0, OBS , WHOI, 0,  203.9,  7.79, gor, 2,  6.00, 623.92
FS09D ,  40.4377, -124.8037, -2122.1, OBS ,     , 0,  204.2,  7.80, gor, 4,  6.00, 623.69
FS10B ,  40.4330, -124.6819, -1076.0, OBS , LDEO, 0,  213.2,  7.86, gor, 2,  6.00, 617.72
FS10D ,  40.4328, -124.6940, -1153.8, OBS ,     , 0,  212.3,  7.85, gor, 4,  6.00, 618.26
FS11B ,  40.4292, -124.5778,  -132.0, OBS , LDEO, 1,  220.9,  7.90, gor, 2,  6.00, 613.12
FS12B ,  40.4371, -124.5059,   -60.0, OBS , LDEO, 1,  225.8,  7.92, gor, 2,  6.00, 611.23
FS13B ,  40.4931, -124.8065, -2332.0, OBS , LDEO, 0,  202.4,  7.69, gor, 2,  6.00, 619.91
FS13D ,  40.4937, -124.8034, -2291.2, OBS ,     , 0,  202.6,  7.69, gor, 4,  6.00, 619.67
FS14B ,  40.4955, -124.5918,  -107.0, OBS ,  SIO, 0,  217.9,  7.77, gor, 2,  6.00, 609.56
FS15B ,  40.4926, -124.5126,   -52.0, OBS , LDEO, 1,  223.8,  7.81, gor, 2,  6.00, 608.53
FS16B ,  40.5381, -124.7395, -1073.0, OBS , LDEO, 0,  206.0,  7.63, gor, 2,  6.00, 612.81
FS16D ,  40.5378, -124.7468, -1080.4, OBS ,     , 0,  205.5,  7.63, gor, 4,  6.00, 613.14
FS17B ,  40.5598, -124.5965,  -146.0, OBS , LDEO, 1,  215.7,  7.65, gor, 2,  6.00, 605.80
FS18B ,  40.5682, -124.5016,  -107.0, OBS , LDEO, 1,  222.4,  7.67, gor, 2,  6.00, 603.87
FS19B ,  40.6279, -124.4667,   -87.0, OBS , LDEO, 1,  223.2,  7.64, gor, 2,  6.00, 601.03
FS20B ,  40.3895, -125.0311, -2378.0, OBS , LDEO, 0,  189.1,  7.80, gor, 2,  6.00, 642.59
FS41D ,  40.6124, -124.7310, -1079.3, OBS ,     , 0,  204.5,  7.50, gor, 4,  6.00, 607.24
G01D  ,  39.9999, -124.6008, -1006.7, OBS ,     , 0,  231.5,  8.70, gor, 4,  6.00, 634.36
G02B  ,  40.0486, -125.2969, -1920.0, OBS ,  SIO, 0,  179.7,  8.51, gor, 2,  6.00, 693.98
G03A_O,  40.0591, -126.1625, -4113.0, OBS , WHOI, 0,  116.6,  8.40, gor, 1,  6.00, 798.93
G03B  ,  40.0580, -126.1634, -4051.0, OBS , WHOI, 0,  116.6,  8.41, gor, 2,  6.00, 798.95
G03D_O,  40.0587, -126.1612, -4056.5, OBS ,     , 0,  116.7,  8.40, gor, 0,  6.00, 798.82
G04B  ,  40.0585, -126.9285, -4368.0, OBS , WHOI, 0,   61.1,  8.12, gor, 2,  6.00, 780.26
G04D  ,  40.1577, -126.7847, -4350.3, OBS ,     , 0,   68.7,  7.95, gor, 4,  6.00, 710.95
G05B  ,  40.0706, -127.7478, -4462.0, OBS , WHOI, 0,    1.4,  7.82, gor, 2,  6.00, 447.08
G05D_O,  40.1430, -127.8257, -4463.8, OBS ,     , 0,   -6.4,  7.72, gor, 0,  6.00, 424.56
G09B  ,  40.6568, -124.7187,  -842.0, OBS , LDEO, 1,  204.1,  7.45, gor, 2,  6.00, 603.90
G09D  ,  40.6665, -124.7269,  -716.3, OBS ,     , 0,  203.2,  7.44, gor, 4,  6.00, 603.41
G10B  ,  40.6779, -125.5533, -2936.0, OBS ,  SIO, 0,  143.0,  6.97, gor, 2,  6.00, 654.52
G11B  ,  40.6875, -126.3764, -3123.0, OBS , WHOI, 0,   83.0,  5.51, gor, 2,  6.00, 206.12
G12B  ,  40.6869, -127.2289, -3080.0, OBS ,  SIO, 0,   21.2,  2.47, gor, 2,  6.00, 404.48
G13B  ,  40.6840, -128.0283, -3215.0, OBS , WHOI, 0,  -36.6,  2.33, gor, 2,  6.00, 93.24
G13D  ,  40.7482, -127.9371, -3186.5, OBS ,     , 0,  -31.9,  2.06, gor, 4,  6.00, 63.27
G17B  ,  41.2839, -124.3446,  -123.0, OBS , LDEO, 0,  213.2,  7.83, gor, 2,  6.00, -999.00
G18B  ,  41.3016, -124.9363, -1464.0, OBS , LDEO, 0,  169.8,  7.16, gor, 2,  6.00, 554.10
G19B  ,  41.3074, -125.7736, -3071.0, OBS , WHOI, 0,  108.9,  4.75, gor, 2,  6.00, 381.14
G20B  ,  41.2987, -126.6133, -3141.0, OBS , WHOI, 0,   48.3,  3.26, gor, 2,  6.00, 158.88
G20D  ,  41.4516, -126.8638, -2931.3, OBS ,     , 0,   25.7,  2.17, gor, 4,  6.00, 118.17
G21B  ,  41.3160, -127.4537, -3156.0, OBS , WHOI, 0,  -13.2,  0.18, gor, 2,  6.00, 21.05
G21D  ,  41.1227, -127.4480, -3293.4, OBS ,     , 0,   -7.2,  0.15, gor, 4,  6.00, 73.28
G22B  ,  41.3092, -128.2740, -3038.0, OBS , WHOI, 0,  -72.4,  3.58, gor, 2,  6.00, 124.34
G22D  ,  41.4336, -128.0166, -3092.4, OBS ,     , 0,  -57.4,  2.94, gor, 4,  6.00, 94.32
G25B  ,  41.9199, -124.5861,  -430.0, OBS , LDEO, 1,  177.4,  7.83, gor, 2,  6.00, 563.98
G26B  ,  41.9249, -125.1775, -2357.0, OBS , LDEO, 0,  134.3,  4.99, gor, 2,  6.00, 551.32
G27B  ,  41.9166, -126.0167, -3480.0, OBS ,  SIO, 0,   73.7,  3.14, gor, 2,  6.00, 257.25
G28B  ,  41.9428, -126.7339, -3327.0, OBS ,  SIO, 0,   21.0,  1.86, gor, 2,  6.00, 89.04
G29B  ,  41.9772, -127.4834, -3197.0, OBS , WHOI, 0,  -34.3,  1.61, gor, 2,  6.00, 54.18
G29D  ,  42.2174, -127.6052, -2910.9, OBS ,     , 0,  -50.1,  1.78, gor, 4,  6.00, 165.41
G30A  ,  41.9550, -128.3193, -3124.0, OBS , WHOI, 0,  -94.3,  3.99, gor, 1,  6.00, 177.86
G30B  ,  41.9565, -128.3198, -3119.0, OBS , WHOI, 0,  -94.4,  3.99, gor, 2,  6.00, 177.97
G33B  ,  42.5483, -124.7162,  -213.0, OBS , LDEO, 1,  471.7,  8.07, jdf, 2,  6.00, 577.44
G34B  ,  42.5554, -125.2010, -2954.0, OBS , LDEO, 0,  436.2,  5.70, jdf, 2,  6.00, 707.64
G35B  ,  42.5658, -126.0558, -2367.0, OBS , WHOI, 0,   52.2,  2.29, gor, 2,  6.00, 446.44
G35D  ,  42.5557, -126.3990, -2822.6, OBS ,     , 0,   27.6,  1.33, gor, 4,  6.00, 207.40
G36B2 ,  42.5994, -126.9038, -2423.0, OBS , WHOI, 0,  -10.2,  0.29, gor, 0,  6.00, 28.51
G36D  ,  42.4618, -126.8965, -3779.6, OBS ,     , 0,   -5.7,  0.00, gor, 4,  6.00, 37.83
G37B  ,  42.5913, -127.7213, -3004.0, OBS ,  SIO, 0,  -69.2,  2.49, gor, 2,  6.00, 174.99
J06A_O,  43.2515, -128.8010, -3224.0, OBS , WHOI, 0, -166.5,  5.47, gor, 1,  6.00, 410.04
J06B  ,  43.2652, -128.7997, -3220.0, OBS , WHOI, 0, -166.8,  5.47, gor, 2,  6.00, 410.04
J09B  ,  40.2011, -124.7270,  -252.0, OBS ,  SIO, 0,  216.6,  8.27, gor, 2,  6.00, 634.47
J10B  ,  43.3494, -125.5435, -3093.0, OBS ,  SIO, 0,  388.8,  9.16, jdf, 2,  6.00, 1269.64
J11B  ,  43.5414, -126.3673, -3030.0, OBS ,     , 0,  323.5,  7.02, jdf, 2,  6.00, 615.12
J11D  ,  43.5416, -126.3686, -3000.8, OBS ,     , 0,  323.4,  7.02, jdf, 4,  6.00, 613.61
J17B  ,  43.7900, -124.6148,  -286.0, OBS , LDEO, 1,  443.9,  9.12, jdf, 2,  6.00, -999.00
J18B  ,  44.0083, -125.4660, -3047.0, OBS ,  SIO, 0,  375.8,  8.80, jdf, 2,  6.00, 1047.10
J19B  ,  44.1777, -126.2717, -2968.0, OBS ,     , 0,  312.5,  7.24, jdf, 2,  6.00, 916.07
J19D  ,  44.1790, -126.2712, -2955.4, OBS ,     , 0,  312.5,  7.24, jdf, 4,  6.00, 916.99
J20B  ,  44.3542, -127.0952, -2934.0, OBS ,  SIO, 0,  247.6,  6.28, jdf, 2,  6.00, 405.74
J21C  ,  44.5342, -128.0376, -2847.0, OBS , WHOI, 0,  174.0,  3.99, jdf, 3,  6.00, 403.47
J23A  ,  44.8440, -129.6825, -2655.0, OBS , WHOI, 0,   45.7,  1.64, jdf, 1,  6.00, 68.91
J23B  ,  44.8459, -129.6821, -2650.0, OBS ,     , 0,   45.7,  1.64, jdf, 2,  6.00, 68.96
J23C  ,  44.8438, -129.6810, -2653.0, OBS , WHOI, 0,   45.8,  1.65, jdf, 3,  6.00, 69.20
J25A  ,  44.4729, -124.6216,  -142.8, OBS ,  SIO, 0,  424.0,  9.37, jdf, 1,  6.00, -999.00
J25B  ,  44.4713, -124.6217,  -147.0, OBS , LDEO, 1,  424.1,  9.37, jdf, 2,  6.00, -999.00
J25C  ,  44.4730, -124.6217,  -144.0, OBS ,  SIO, 0,  424.0,  9.37, jdf, 3,  6.00, 402.07
J26A  ,  44.6547, -125.4664, -2864.0, OBS , LDEO, 0,  357.5,  8.70, jdf, 1,  6.00, 1624.53
J26C  ,  44.6534, -125.4653, -2868.0, OBS , LDEO, 0,  357.6,  8.70, jdf, 3,  6.00, 1620.50
J27B  ,  44.8476, -126.3069, -2824.0, OBS ,     , 0,  290.9,  7.87, jdf, 2,  6.00, 1074.93
J27D  ,  44.8489, -126.3083, -2814.8, OBS ,     , 0,  290.8,  7.86, jdf, 4,  6.00, 1074.15
J28A  ,  45.0636, -127.1564, -2867.0, OBS , WHOI, 0,  223.1,  5.94, jdf, 1,  6.00, 432.60
J28B  ,  45.0631, -127.1552, -2866.0, OBS ,     , 0,  223.2,  5.94, jdf, 2,  6.00, 433.15
J28C  ,  45.0617, -127.1567, -2889.0, OBS , WHOI, 0,  223.1,  5.94, jdf, 3,  6.00, 432.07
J28D  ,  45.0301, -127.1560, -2855.8, OBS ,     , 0,  224.1,  5.97, jdf, 4,  6.00, 426.82
J29A  ,  45.1757, -128.0084, -2849.0, OBS , WHOI, 0,  158.0,  6.73, jdf, 1,  6.00, 395.79
J29C  ,  45.1731, -128.0058, -2816.0, OBS , WHOI, 0,  158.3,  6.72, jdf, 3,  6.00, 396.17
J30A  ,  45.4242, -128.9069, -2824.0, OBS , WHOI, 0,   85.7,  2.93, jdf, 1,  6.00, 169.88
J30C  ,  45.4261, -128.9100, -2786.0, OBS , WHOI, 0,   85.4,  2.92, jdf, 3,  6.00, 169.56
J31A  ,  45.5531, -129.6727, -2657.0, OBS , WHOI, 0,   26.3,  0.84, jdf, 1,  6.00, 50.46
J31C  ,  45.5519, -129.6724, -2624.0, OBS , WHOI, 0,   26.4,  0.84, jdf, 3,  6.00, 50.37
J32C  ,  45.7145, -130.6030, -2756.0, OBS , WHOI, 0,  -45.8,  1.97, jdf, 3,  6.00, 102.48
J33A  ,  45.1066, -124.5708,  -348.7, OBS ,  SIO, 0,  409.8,  9.59, jdf, 1,  6.00, 380.08
J33B  ,  45.1066, -124.5706,  -350.0, OBS , LDEO, 1,  409.8,  9.59, jdf, 2,  6.00, -999.00
J33C  ,  45.1068, -124.5708,  -354.0, OBS ,  SIO, 0,  409.8,  9.59, jdf, 3,  6.00, 380.05
J34A  ,  45.3057, -125.4145, -2574.0, OBS , LDEO, 0,  342.8,  9.48, jdf, 1,  6.00, 955.78
J34C  ,  45.3070, -125.4152, -2580.0, OBS , LDEO, 0,  342.7,  9.49, jdf, 3,  6.00, 956.98
J35A  ,  45.4989, -126.2668, -2662.0, OBS ,  SIO, 0,  275.4,  7.59, jdf, 1,  6.00, 1531.33
J35C  ,  45.4995, -126.2683, -2655.0, OBS , WHOI, 0,  275.3,  7.59, jdf, 3,  6.00, 1529.34
J36A  ,  45.6855, -127.1225, -2821.0, OBS ,  SIO, 0,  207.9,  6.46, jdf, 1,  6.00, 789.66
J36C  ,  45.6865, -127.1252, -2812.0, OBS , WHOI, 0,  207.7,  6.47, jdf, 3,  6.00, 788.04
J37A  ,  45.8642, -127.9853, -2862.0, OBS , WHOI, 0,  140.2,  4.95, jdf, 1,  6.00, 410.35
J37C  ,  45.8635, -127.9853, -2886.0, OBS , WHOI, 0,  140.2,  4.95, jdf, 3,  6.00, 410.37
J38A  ,  46.0395, -128.8531, -2734.0, OBS , WHOI, 0,   72.1,  2.26, jdf, 1,  6.00, 164.91
J38C  ,  46.0389, -128.8536, -2731.0, OBS , WHOI, 0,   72.1,  2.26, jdf, 3,  6.00, 164.82
J39A  ,  46.1760, -129.6441, -2659.0, OBS , WHOI, 0,   10.8,  0.30, jdf, 1,  6.00, 102.11
J39C  ,  46.1761, -129.6438, -2656.0, OBS , WHOI, 0,   10.8,  0.30, jdf, 3,  6.00, 102.09
J41A  ,  45.8119, -124.5372,  -175.0, OBS , LDEO, 1,  392.3,  9.92, jdf, 1,  6.00, -999.00
J41C  ,  45.8117, -124.5376,  -171.0, OBS , LDEO, 1,  392.2,  9.92, jdf, 3,  6.00, 218.92
J42A  ,  45.9331, -125.2997, -1540.0, OBS , LDEO, 0,  333.4,  9.69, jdf, 1,  6.00, 137.68
J42C  ,  45.9323, -125.2991, -1550.0, OBS , LDEO, 0,  333.5,  9.69, jdf, 3,  6.00, 137.46
J43A  ,  46.1378, -126.1721, -2654.4, OBS ,  SIO, 0,  264.2,  7.79, jdf, 1,  6.00, 1887.54
J43C  ,  46.1370, -126.1725, -2645.0, OBS , WHOI, 0,  264.2,  7.79, jdf, 3,  6.00, 1886.76
J44A  ,  46.3230, -127.0390, -2724.1, OBS ,  SIO, 0,  196.0,  6.90, jdf, 1,  6.00, 1057.13
J44C  ,  46.3240, -127.0407, -2742.0, OBS , WHOI, 0,  195.8,  6.90, jdf, 3,  6.00, 1056.28
J45A  ,  46.5209, -127.9049, -2757.0, OBS , WHOI, 0,  127.4,  4.84, jdf, 1,  6.00, 506.89
J45C  ,  46.5209, -127.9047, -2742.0, OBS , WHOI, 0,  127.4,  4.84, jdf, 3,  6.00, 506.99
J46A  ,  46.6639, -128.7883, -2744.0, OBS , WHOI, 0,   59.2,  1.64, jdf, 1,  6.00, 213.93
J46C  ,  46.6645, -128.7894, -2744.0, OBS , WHOI, 0,   59.1,  1.63, jdf, 3,  6.00, 213.66
J47A  ,  46.8433, -129.7135, -2685.0, OBS , WHOI, 0,  -13.2,  1.08, jdf, 1,  6.00, 78.13
J47C  ,  46.8440, -129.7139, -2679.0, OBS , WHOI, 0,  -13.2,  1.09, jdf, 3,  6.00, 78.23
J48A  ,  47.1304, -130.6513, -2973.0, OBS , WHOI, 0,  -89.4,  3.07, jdf, 1,  6.00, 101.37
J48B  ,  47.1282, -130.6385, -2877.0, OBS ,     , 0,  -88.5,  3.07, jdf, 2,  6.00, 101.41
J48C  ,  47.1295, -130.6507, -2940.0, OBS , WHOI, 0,  -89.4,  3.07, jdf, 3,  6.00, 101.38
J49A  ,  46.4378, -124.4275,  -120.0, OBS , LDEO, 1,  382.5, 10.34, jdf, 1,  6.00, -999.00
J49C  ,  46.4380, -124.4278,  -113.0, OBS , LDEO, 1,  382.5, 10.34, jdf, 3,  6.00, 364.94
J50A  ,  46.6402, -125.2991, -1909.0, OBS , LDEO, 0,  313.4,  9.55, jdf, 1,  6.00, 196.39
J50C  ,  46.6411, -125.2987, -1931.0, OBS , LDEO, 0,  313.4,  9.55, jdf, 3,  6.00, 196.59
J51A  ,  46.7970, -126.1641, -2610.0, OBS , LDEO, 0,  246.1,  8.16, jdf, 1,  6.00, 1449.08
J51C  ,  46.7957, -126.1631, -2626.0, OBS , LDEO, 0,  246.2,  8.15, jdf, 3,  6.00, 1448.84
J52A  ,  46.9920, -127.0159, -2613.0, OBS , WHOI, 0,  178.7,  6.51, jdf, 1,  6.00, 1197.48
J52C  ,  46.9920, -127.0158, -2640.0, OBS ,  SIO, 0,  178.7,  6.51, jdf, 3,  6.00, 1197.57
J53A  ,  47.1642, -127.9221, -2686.0, OBS , WHOI, 0,  108.0,  4.01, jdf, 1,  6.00, 527.04
J53C  ,  47.1643, -127.9223, -2717.0, OBS ,  SIO, 0,  107.9,  4.00, jdf, 3,  6.00, 526.94
J54A  ,  47.3358, -128.8116, -2662.0, OBS , WHOI, 0,   38.4,  0.57, jdf, 1,  6.00, 112.27
J54C  ,  47.3358, -128.8113, -2666.0, OBS , WHOI, 0,   38.5,  0.57, jdf, 3,  6.00, 112.22
J55A  ,  47.5305, -129.7076, -2800.0, OBS , WHOI, 0,  -32.2,  1.73, jdf, 1,  6.00, 100.65
J55C  ,  47.5315, -129.7078, -2755.0, OBS , WHOI, 0,  -32.2,  1.73, jdf, 3,  6.00, 100.62
J57A  ,  47.0801, -124.4505,   -55.8, OBS ,  SIO, 0,  362.6, 10.55, jdf, 1,  6.00, 415.49
J57C  ,  47.0804, -124.4506,   -67.0, OBS , LDEO, 1,  362.6, 10.55, jdf, 3,  6.00, -999.00
J58A  ,  47.3188, -125.5344, -1511.0, OBS , LDEO, 0,  277.1,  9.36, jdf, 1,  6.00, 329.81
J58C  ,  47.3178, -125.5346, -1527.0, OBS , LDEO, 0,  277.1,  9.36, jdf, 3,  6.00, 330.22
J59A  ,  47.5096, -126.4153, -2371.0, OBS , LDEO, 0,  207.7,  7.66, jdf, 1,  6.00, 1475.61
J59C  ,  47.5111, -126.4168, -2389.0, OBS , LDEO, 0,  207.5,  7.66, jdf, 3,  6.00, 1477.20
J61A  ,  47.8725, -128.1972, -2644.0, OBS , WHOI, 0,   67.9,  2.39, jdf, 1,  6.00, 354.05
J61C  ,  47.8728, -128.1972, -2673.0, OBS ,  SIO, 0,   67.9,  2.39, jdf, 3,  6.00, 354.06
J63A  ,  48.2065, -130.0033, -2882.0, OBS , WHOI, 0,  -72.8,  2.62, jdf, 1,  6.00, 178.86
J63B  ,  48.2054, -130.0019, -2857.0, OBS ,     , 0,  -72.7,  2.61, jdf, 2,  6.00, 178.65
J63C  ,  48.2047, -130.0053, -2845.0, OBS , WHOI, 0,  -72.9,  2.62, jdf, 3,  6.00, 179.20
J65A  ,  47.8913, -125.1396,  -165.2, OBS ,  SIO, 0,  289.6, 10.22, jdf, 1,  6.00, -999.00
J65C  ,  47.8913, -125.1398,  -169.0, OBS ,  SIO, 0,  289.6, 10.22, jdf, 3,  6.00, 344.10
J67A  ,  48.1500, -127.0842, -2612.0, OBS , WHOI, 0,  140.9,  5.69, jdf, 1,  6.00, 1232.62
J67C  ,  48.1510, -127.0868, -2581.0, OBS , WHOI, 0,  140.7,  5.68, jdf, 3,  6.00, 1228.14
J68A  ,  48.4810, -127.8292, -2590.0, OBS , WHOI, 0,   77.4,  4.12, jdf, 1,  6.00, 710.44
J68C  ,  48.4811, -127.8293, -2587.0, OBS ,  SIO, 0,   77.4,  4.12, jdf, 3,  6.00, 710.42
J69C  ,  48.6270, -128.7386, -2544.0, OBS , WHOI, 0,    7.2,  0.00, jdf, 3,  6.00, 140.00
J73A  ,  48.7677, -126.1925,  -143.3, OBS ,  SIO, 0,  188.3,  8.59, jdf, 1,  6.00, 1506.33
J73C  ,  48.7679, -126.1926,  -133.0, OBS ,  SIO, 0,  188.2,  8.59, jdf, 3,  6.00, -999.00
M01A  ,  49.1504, -126.7221,  -132.9, OBS ,  SIO, 0,  138.9,  7.34, jdf, 1,  6.00, -999.00
M01C_O,  49.1504, -126.7222,  -138.0, OBS ,  SIO, 0,  138.9,  7.34, jdf, 3,  6.00, 1642.31
M02A  ,  48.3070, -125.6004,  -139.0, OBS ,  SIO, 0,  244.3,  9.86, jdf, 1,  6.00, -999.00
M02C_O,  48.3069, -125.6012,  -141.0, OBS ,     , 0,  244.3,  9.85, jdf, 0,  6.00, 614.85
M03A  ,  47.8883, -126.1040, -1818.0, OBS , LDEO, 0,  219.6,  8.19, jdf, 1,  6.00, 642.73
M03C_O,  47.8884, -126.1046, -1839.0, OBS ,  SIO, 0,  219.5,  8.19, jdf, 3,  6.00, 644.14
M04A  ,  47.5581, -125.1922,  -563.4, OBS ,  SIO, 0,  295.2,  9.89, jdf, 1,  6.00, 148.05
M04C_O,  45.5584, -125.1923,  -570.0, OBS ,     , 0,  351.8,  9.51, jdf, 0,  6.00, 134.47
M05A  ,  46.1735, -124.9346,  -828.2, OBS ,  SIO, 0,  353.1,  9.82, jdf, 1,  6.00, 103.97
M05C_O,  46.1735, -124.9345,  -837.0, OBS ,  SIO, 0,  353.1,  9.82, jdf, 3,  6.00, 103.99
M06A  ,  45.5295, -124.9268, -1439.0, OBS , LDEO, 0,  371.9,  9.72, jdf, 1,  6.00, 143.55
M06C_O,  45.5287, -124.9261, -1460.0, OBS , LDEO, 0,  372.0,  9.72, jdf, 3,  6.00, 143.82
M07A_O,  44.8987, -125.1168, -1356.5, OBS ,  SIO, 0,  376.0,  9.59, jdf, 1,  6.00, 304.16
M07C  ,  44.8988, -125.1168, -1365.0, OBS ,  SIO, 0,  376.0,  9.59, jdf, 3,  6.00, 304.12
M08A_O,  44.1187, -124.8953,  -126.4, OBS ,  SIO, 0,  414.2,  9.52, jdf, 1,  6.00, 330.67
M08C  ,  44.1185, -124.8954,  -131.0, OBS ,  SIO, 0,  414.2,  9.52, jdf, 3,  6.00, 330.62
M09B  ,  44.2497, -125.0589,  -914.0, OBS , LDEO, 1,  398.6,  9.69, jdf, 2,  6.00, 253.47
M10B  ,  43.6248, -124.9728,  -675.0, OBS , LDEO, 1,  422.5,  9.59, jdf, 2,  6.00, 356.49
M11B  ,  42.9320, -125.0171, -1109.0, OBS ,  SIO, 0,  438.9,  8.54, jdf, 2,  6.00, 600.39
M12B  ,  42.1840, -124.9461, -1045.0, OBS ,  SIO, 0,  143.7,  7.74, gor, 2,  6.00, 591.22
M13B  ,  41.6715, -124.8596,  -909.0, OBS , LDEO, 1,  164.7,  7.47, gor, 2,  6.00, 553.02
M14B  ,  40.9850, -124.5897,  -638.0, OBS ,  SIO, 0,  204.0,  7.43, gor, 2,  6.00, 579.68
M18B  ,  44.8871, -124.9712,  -720.0, OBS , LDEO, 1,  386.9,  9.65, jdf, 2,  6.00, 230.41
WTF1  ,  46.8115, -120.9160,   640.0, OBS ,     , 0,  627.1, 14.68, jdf, 0,  6.00, -999.00
WTF2  ,  46.8192, -120.9249,   629.4, OBS ,     , 0,  626.3, 14.70, jdf, 0,  6.00, -999.00
BBEB  ,  37.8216, -122.3298,   -30.8, LAND,     , 0,  458.9,  0.00,    , 0,  0.00,  0.00
BDM   ,  37.9540, -121.8655,   219.8, LAND,     , 0,  488.7,  0.00,    , 0,  0.00,  0.00
BKS   ,  37.8762, -122.2356,   243.9, LAND,     , 0,  464.1,  0.00,    , 0,  0.00,  0.00
BL67  ,  37.8749, -122.2432,   736.2, LAND,     , 0,  463.6,  0.00,    , 0,  0.00,  0.00
BL88  ,  37.8772, -122.2543,   602.2, LAND,     , 0,  462.7,  0.00,    , 0,  0.00,  0.00
BRIB  ,  37.9189, -122.1518,   219.7, LAND,     , 0,  469.0,  0.00,    , 0,  0.00,  0.00
BRK   ,  37.8735, -122.2610,    49.4, LAND,     , 0,  462.4,  0.00,    , 0,  0.00,  0.00
CMAB  ,  38.0689, -122.2291,     5.6, LAND,     , 0,  459.0,  0.00,    , 0,  0.00,  0.00
CMB   ,  38.0346, -120.3865,   697.0, LAND,     , 0,  593.6,  0.00,    , 0,  0.00,  0.00
CMSB  ,  37.8719, -122.2517,    94.7, LAND,     , 0,  463.1,  0.00,    , 0,  0.00,  0.00
CRQB  ,  38.0558, -122.2249,   -25.0, LAND,     , 0,  459.7,  0.00,    , 0,  0.00,  0.00
CVS   ,  38.3453, -122.4584,   295.1, LAND,     , 0,  434.5,  0.00,    , 0,  0.00,  0.00
ELFS  ,  40.6183, -120.7279,  1554.5, LAND,     , 0,  494.5,  0.00,    , 0,  0.00,  0.00
FARB  ,  37.6978, -123.0011,   -18.5, LAND,     , 0,  413.8,  0.00,    , 0,  0.00,  0.00
GASB  ,  39.6547, -122.7160,  1354.8, LAND,     , 0,  378.1,  0.00,    , 0,  0.00,  0.00
HAST  ,  36.3887, -121.5514,   542.0, LAND,     , 0,  556.5,  0.00,    , 0,  0.00,  0.00
HAST  ,  36.3887, -121.5514,   542.0, LAND,     , 0,  556.5,  0.00,    , 0,  0.00,  0.00
HATC  ,  40.8161, -121.4612,  1009.3, LAND,     , 0,  435.7,  0.00,    , 0,  0.00,  0.00
HATC  ,  40.8161, -121.4612,  1009.3, LAND,     , 0,  435.7,  0.00,    , 0,  0.00,  0.00
HELL  ,  36.6801, -119.0228,  1140.0, LAND,     , 0,  731.5,  0.00,    , 0,  0.00,  0.00
HELL  ,  36.6801, -119.0228,  1140.0, LAND,     , 0,  731.5,  0.00,    , 0,  0.00,  0.00
HERB  ,  38.0124, -122.2622,   -18.0, LAND,     , 0,  458.3,  0.00,    , 0,  0.00,  0.00
HOPS  ,  38.9935, -123.0723,   299.1, LAND,     , 0,  371.3,  0.00,    , 0,  0.00,  0.00
HUMO  ,  42.6071, -122.9567,   554.9, LAND,     , 0,  597.9,  0.00,    , 0,  0.00,  0.00
JCC   ,  40.8175, -124.0296,    27.2, LAND,     , 0,  249.4,  0.00,    , 0,  0.00,  0.00
JRSC  ,  37.4037, -122.2387,    70.5, LAND,     , 0,  477.5,  0.00,    , 0,  0.00,  0.00
KCC   ,  37.3236, -119.3187,   888.1, LAND,     , 0,  691.5,  0.00,    , 0,  0.00,  0.00
MCCM  ,  38.1448, -122.8802,    -7.7, LAND,     , 0,  409.7,  0.00,    , 0,  0.00,  0.00
MHC   ,  37.3416, -121.6426,  1250.4, LAND,     , 0,  522.5,  0.00,    , 0,  0.00,  0.00
MHDL  ,  37.8423, -122.4943,    94.5, LAND,     , 0,  446.3,  0.00,    , 0,  0.00,  0.00
MNRC  ,  38.8787, -122.4428,   709.9, LAND,     , 0,  420.3,  0.00,    , 0,  0.00,  0.00
MOBB  ,  36.6906, -122.1660, -1036.5, LAND,     , 0,  503.3,  0.00,    , 0,  0.00,  0.00
MOD   ,  41.9025, -120.3029,  1554.5, LAND,     , 0,  810.7,  0.00,    , 0,  0.00,  0.00
OHLN  ,  38.0063, -122.2730,    -0.5, LAND,     , 0,  457.7,  0.00,    , 0,  0.00,  0.00
OHLN  ,  38.0063, -122.2730,    -0.5, LAND,     , 0,  457.7,  0.00,    , 0,  0.00,  0.00
ORV   ,  39.5545, -121.5004,   334.7, LAND,     , 0,  469.1,  0.00,    , 0,  0.00,  0.00
OXMT  ,  37.4994, -122.4243,   209.1, LAND,     , 0,  461.3,  0.00,    , 0,  0.00,  0.00
PACP  ,  37.0080, -121.2870,   844.0, LAND,     , 0,  557.9,  0.00,    , 0,  0.00,  0.00
PETB  ,  38.1189, -122.5011,   -30.0, LAND,     , 0,  437.9,  0.00,    , 0,  0.00,  0.00
RB2B  ,  37.9333, -122.4031,   -18.0, LAND,     , 0,  450.3,  0.00,    , 0,  0.00,  0.00
RFSB  ,  37.9161, -122.3361,   -27.3, LAND,     , 0,  455.7,  0.00,    , 0,  0.00,  0.00
SAO   ,  36.7640, -121.4472,   317.2, LAND,     , 0,  553.3,  0.00,    , 0,  0.00,  0.00
SBRN  ,  37.6856, -122.4113,     4.0, LAND,     , 0,  456.9,  0.00,    , 0,  0.00,  0.00
SCCB  ,  37.2874, -121.8642,    98.4, LAND,     , 0,  508.0,  0.00,    , 0,  0.00,  0.00
SCCB  ,  37.2874, -121.8642,    98.4, LAND,     , 0,  508.0,  0.00,    , 0,  0.00,  0.00
SCZ   ,  36.5980, -121.4030,   261.0, LAND,     , 0,  561.3,  0.00,    , 0,  0.00,  0.00
SM2B  ,  37.8387, -122.1102,   200.0, LAND,     , 0,  474.3,  0.00,    , 0,  0.00,  0.00
SM2B  ,  37.8387, -122.1102,   200.0, LAND,     , 0,  474.3,  0.00,    , 0,  0.00,  0.00
SMCB  ,  37.8388, -122.1116,   180.9, LAND,     , 0,  474.2,  0.00,    , 0,  0.00,  0.00
SUTB  ,  39.2291, -121.7861,   252.0, LAND,     , 0,  457.8,  0.00,    , 0,  0.00,  0.00
SUTB  ,  39.2291, -121.7861,   252.0, LAND,     , 0,  457.8,  0.00,    , 0,  0.00,  0.00
SVIN  ,  38.0332, -122.5263,   -27.5, LAND,     , 0,  438.5,  0.00,    , 0,  0.00,  0.00
VAK   ,  37.8775, -122.2489,   266.0, LAND,     , 0,  463.1,  0.00,    , 0,  0.00,  0.00
VALB  ,  38.1215, -122.2753,   -24.5, LAND,     , 0,  454.2,  0.00,    , 0,  0.00,  0.00
W02B  ,  37.7911, -122.3863,   -45.1, LAND,     , 0,  455.6,  0.00,    , 0,  0.00,  0.00
WDC   ,  40.5799, -122.5411,   268.3, LAND,     , 0,  364.2,  0.00,    , 0,  0.00,  0.00
WENL  ,  37.6221, -121.7570,   138.9, LAND,     , 0,  506.1,  0.00,    , 0,  0.00,  0.00
YBH   ,  41.7320, -122.7104,  1059.7, LAND,     , 0,  640.6,  0.00,    , 0,  0.00,  0.00
AHCB  ,  48.9325, -123.7373,    50.0, LAND,     , 0,  362.0,  0.00,    , 0,  0.00,  0.00
ATLB  ,  50.2184, -127.0600,   266.0, LAND,     , 0,   84.1,  0.00,    , 0,  0.00,  0.00
BBB   ,  52.1847, -128.1133,    14.0, LAND,     , 0,  -48.1,  0.00,    , 0,  0.00,  0.00
BCBC  ,  52.3720, -126.7550,     0.0, LAND,     , 0,   45.3,  0.00,    , 0,  0.00,  0.00
BFSB  ,  48.8336, -125.1361,    23.0, LAND,     , 0,  263.2,  0.00,    , 0,  0.00,  0.00
BMSB  ,  48.8356, -125.1355,    10.0, LAND,     , 0,  263.2,  0.00,    , 0,  0.00,  0.00
BPCB  ,  48.9236, -123.7045,    31.0, LAND,     , 0,  364.7,  0.00,    , 0,  0.00,  0.00
BTB   ,  49.4683, -125.5214,  1640.0, LAND,     , 0,  217.2,  0.00,    , 0,  0.00,  0.00
CBB   ,  50.0316, -125.3653,   319.0, LAND,     , 0,  212.6,  0.00,    , 0,  0.00,  0.00
CLRS  ,  48.8203, -124.1309,   174.0, LAND,     , 0,  336.6,  0.00,    , 0,  0.00,  0.00
CPLB  ,  48.6118, -124.7512,    40.0, LAND,     , 0,  297.4,  0.00,    , 0,  0.00,  0.00
EDB   ,  49.8737, -127.1198,   189.0, LAND,     , 0,   89.5,  0.00,    , 0,  0.00,  0.00
FCBC  ,  48.9742, -124.7358,   255.0, LAND,     , 0,  288.3,  0.00,    , 0,  0.00,  0.00
FHRB  ,  50.0604, -127.1158,     5.0, LAND,     , 0,   84.5,  0.00,    , 0,  0.00,  0.00
GHNB  ,  49.3065, -124.2364,     5.0, LAND,     , 0,  315.2,  0.00,    , 0,  0.00,  0.00
HG1B  ,  52.9345, -132.1307,     5.0, LAND,     , 0, -361.3,  0.00,    , 0,  0.00,  0.00
HG3B  ,  52.5766, -131.4435,    10.0, LAND,     , 0, -301.2,  0.00,    , 0,  0.00,  0.00
HG4B  ,  52.2931, -131.1975,   331.0, LAND,     , 0, -275.3,  0.00,    , 0,  0.00,  0.00
HNB   ,  49.2745, -122.5792,   183.0, LAND,     , 0,  436.5,  0.00,    , 0,  0.00,  0.00
HNBB  ,  49.2873, -122.5729,   392.0, LAND,     , 0,  436.6,  0.00,    , 0,  0.00,  0.00
HOLB  ,  50.6405, -128.1318,   564.0, LAND,     , 0,   -5.7,  0.00,    , 0,  0.00,  0.00
HOPB  ,  49.3873, -121.4205,   248.0, LAND,     , 0,  517.5,  0.00,    , 0,  0.00,  0.00
JRBB  ,  48.4300, -124.0522,    24.0, LAND,     , 0,  353.4,  0.00,    , 0,  0.00,  0.00
JRBC  ,  48.3957, -123.9600,    20.0, LAND,     , 0,  361.0,  0.00,    , 0,  0.00,  0.00
LLLB  ,  50.6090, -121.8815,   700.0, LAND,     , 0,  449.4,  0.00,    , 0,  0.00,  0.00
LZB   ,  48.6117, -123.8236,   844.0, LAND,     , 0,  364.8,  0.00,    , 0,  0.00,  0.00
MCMB1 ,  52.8217, -123.8190,  1233.8, LAND,     , 0,  246.0,  0.00,    , 0,  0.00,  0.00
MGB   ,  48.9999, -124.6975,  1300.0, LAND,     , 0,  290.3,  0.00,    , 0,  0.00,  0.00
MGCB  ,  48.6317, -123.6808,   236.0, LAND,     , 0,  374.7,  0.00,    , 0,  0.00,  0.00
MWAB  ,  49.7411, -125.3032,  1176.0, LAND,     , 0,  225.3,  0.00,    , 0,  0.00,  0.00
NLLB  ,  49.2274, -123.9881,   192.0, LAND,     , 0,  335.4,  0.00,    , 0,  0.00,  0.00
NTKA  ,  49.5924, -126.6166,    12.0, LAND,     , 0,  134.1,  0.00,    , 0,  0.00,  0.00
OZB   ,  48.9603, -125.4928,   671.0, LAND,     , 0,  233.7,  0.00,    , 0,  0.00,  0.00
PA01  ,  48.6526, -123.4470,     3.0, LAND,     , 0,  391.1,  0.00,    , 0,  0.00,  0.00
PA02  ,  48.6518, -123.4489,     3.0, LAND,     , 0,  390.9,  0.00,    , 0,  0.00,  0.00
PA03  ,  48.6517, -123.4448,     8.0, LAND,     , 0,  391.2,  0.00,    , 0,  0.00,  0.00
PA04  ,  48.6510, -123.4462,     8.0, LAND,     , 0,  391.2,  0.00,    , 0,  0.00,  0.00
PA05  ,  48.6497, -123.4438,     8.0, LAND,     , 0,  391.4,  0.00,    , 0,  0.00,  0.00
PA12  ,  48.6482, -123.4496,    10.0, LAND,     , 0,  391.0,  0.00,    , 0,  0.00,  0.00
PACB  ,  50.4355, -127.4925,    24.0, LAND,     , 0,   46.5,  0.00,    , 0,  0.00,  0.00
PFB   ,  48.5750, -124.4444,   465.0, LAND,     , 0,  320.8,  0.00,    , 0,  0.00,  0.00
PGC   ,  48.6498, -123.4521,    12.0, LAND,     , 0,  390.8,  0.00,    , 0,  0.00,  0.00
PHC   ,  50.7067, -127.4330,    32.0, LAND,     , 0,   43.2,  0.00,    , 0,  0.00,  0.00
PNT   ,  49.3224, -119.6254,   531.0, LAND,     , 0,  649.8,  0.00,    , 0,  0.00,  0.00
PPSB  ,  48.3956, -123.6768,   101.0, LAND,     , 0,  381.6,  0.00,    , 0,  0.00,  0.00
SHB   ,  49.5930, -123.8805,  1143.0, LAND,     , 0,  332.9,  0.00,    , 0,  0.00,  0.00
SHDB  ,  48.7970, -123.6360,    55.0, LAND,     , 0,  373.2,  0.00,    , 0,  0.00,  0.00
SLEB  ,  51.1672, -118.1336,  2075.0, LAND,     , 0,  706.0,  0.00,    , 0,  0.00,  0.00
SNB   ,  48.7751, -123.1723,   402.0, LAND,     , 0,  407.5,  0.00,    , 0,  0.00,  0.00
SOKB  ,  48.3947, -123.6731,    45.0, LAND,     , 0,  381.9,  0.00,    , 0,  0.00,  0.00
SPLB  ,  49.8921, -125.6526,   276.0, LAND,     , 0,  195.7,  0.00,    , 0,  0.00,  0.00
TASB  ,  49.9266, -126.6513,    18.0, LAND,     , 0,  122.1,  0.00,    , 0,  0.00,  0.00
THAB  ,  49.2800, -124.9184,   115.0, LAND,     , 0,  266.3,  0.00,    , 0,  0.00,  0.00
TLCB  ,  50.5465, -126.8345,    10.0, LAND,     , 0,   91.2,  0.00,    , 0,  0.00,  0.00
TOFB  ,  49.1543, -125.9078,    13.0, LAND,     , 0,  198.0,  0.00,    , 0,  0.00,  0.00
TWBB  ,  48.5846, -124.0920,   122.0, LAND,     , 0,  346.1,  0.00,    , 0,  0.00,  0.00
UBRB  ,  52.8918, -124.0832,  1241.0, LAND,     , 0,  224.8,  0.00,    , 0,  0.00,  0.00
VGZ   ,  48.4139, -123.3244,    67.0, LAND,     , 0,  406.7,  0.00,    , 0,  0.00,  0.00
WALA  ,  49.0586, -113.9115,  1400.0, LAND,     , 0, 1072.6,  0.00,    , 0,  0.00,  0.00
WSLR  ,  50.1265, -122.9212,   906.0, LAND,     , 0,  387.5,  0.00,    , 0,  0.00,  0.00
WTRB  ,  50.1298, -126.0353,   353.0, LAND,     , 0,  161.1,  0.00,    , 0,  0.00,  0.00
YOUB  ,  48.9010, -124.2618,   771.0, LAND,     , 0,  324.8,  0.00,    , 0,  0.00,  0.00
COR   ,  44.5855, -123.3046,   110.0, LAND,     , 0,  516.6,  0.00,    , 0,  0.00,  0.00
NC27  ,  47.7623, -127.7579, -2656.0, OBS ,     , 0,  103.0,  3.59, jdf, 0,  6.00, 665.32
NC89  ,  48.6705, -126.8488, -1258.0, OBS ,     , 0,  143.3,  6.36, jdf, 0,  6.00, 1901.31
NCBC  ,  48.4275, -126.1752,  -398.0, OBS ,     , 0,  199.1,  8.05, jdf, 3,  6.00, 1156.47
A04A  ,  48.7197, -122.7070,    23.0, LAND,     , 0,  442.9,  0.00,    , 0,  0.00,  0.00
A04D  ,  48.7201, -122.7063,    13.0, LAND,     , 0,  443.0,  0.00,    , 0,  0.00,  0.00
A05A  ,  48.9983, -122.0852,   174.3, LAND,     , 0,  480.2,  0.00,    , 0,  0.00,  0.00
A06A  ,  49.0983, -121.4804,   576.0, LAND,     , 0,  521.4,  0.00,    , 0,  0.00,  0.00
A07A  ,  49.0480, -120.3837,  1842.0, LAND,     , 0,  602.5,  0.00,    , 0,  0.00,  0.00
A08A  ,  48.9534, -119.2725,  1089.0, LAND,     , 0,  685.9,  0.00,    , 0,  0.00,  0.00
A09A  ,  48.9752, -118.5851,   931.0, LAND,     , 0,  735.3,  0.00,    , 0,  0.00,  0.00
A10A  ,  48.9813, -117.5586,   688.0, LAND,     , 0,  809.7,  0.00,    , 0,  0.00,  0.00
A11A  ,  48.9580, -116.3631,  1455.0, LAND,     , 0,  897.3,  0.00,    , 0,  0.00,  0.00
A12A  ,  48.9339, -115.6526,   928.0, LAND,     , 0,  949.6,  0.00,    , 0,  0.00,  0.00
A13A  ,  48.9330, -114.4135,  1199.0, LAND,     , 0, 1039.7,  0.00,    , 0,  0.00,  0.00
A14A  ,  48.9725, -113.4218,  1420.0, LAND,     , 0, 1110.6,  0.00,    , 0,  0.00,  0.00
A15A  ,  48.9777, -112.7327,  1236.0, LAND,     , 0, 1160.5,  0.00,    , 0,  0.00,  0.00
A16A  ,  48.9482, -111.5968,  1394.0, LAND,     , 0, 1243.9,  0.00,    , 0,  0.00,  0.00
B04A  ,  48.0575, -123.5040,   293.8, LAND,     , 0,  403.8,  0.00,    , 0,  0.00,  0.00
B05A  ,  48.2641, -122.0960,   154.5, LAND,     , 0,  500.2,  0.00,    , 0,  0.00,  0.00
B05D  ,  48.2641, -122.0960,   153.0, LAND,     , 0,  500.2,  0.00,    , 0,  0.00,  0.00
B06A  ,  48.5183, -121.4845,    75.0, LAND,     , 0,  537.5,  0.00,    , 0,  0.00,  0.00
B07A  ,  48.4607, -120.1197,   781.0, LAND,     , 0,  638.3,  0.00,    , 0,  0.00,  0.00
B08A  ,  48.3584, -119.3332,   696.0, LAND,     , 0,  698.4,  0.00,    , 0,  0.00,  0.00
B09A  ,  48.4226, -118.1488,   630.0, LAND,     , 0,  782.6,  0.00,    , 0,  0.00,  0.00
B10A  ,  48.2995, -117.2252,   585.0, LAND,     , 0,  853.2,  0.00,    , 0,  0.00,  0.00
B11A  ,  48.4366, -116.3674,   870.0, LAND,     , 0,  911.7,  0.00,    , 0,  0.00,  0.00
B12A  ,  48.4694, -115.5889,   764.0, LAND,     , 0,  967.4,  0.00,    , 0,  0.00,  0.00
B13A  ,  48.3739, -114.4676,   933.0, LAND,     , 0, 1051.6,  0.00,    , 0,  0.00,  0.00
B14A  ,  48.3609, -113.2729,  1529.0, LAND,     , 0, 1138.8,  0.00,    , 0,  0.00,  0.00
B15A  ,  48.3129, -112.5619,  1222.0, LAND,     , 0, 1191.8,  0.00,    , 0,  0.00,  0.00
B16A  ,  48.4128, -111.7073,  1038.0, LAND,     , 0, 1251.1,  0.00,    , 0,  0.00,  0.00
BNLO  ,  37.1311, -122.1729,   794.0, LAND,     , 0,  490.1,  0.00,    , 0,  0.00,  0.00
C03A  ,  47.9475, -124.5662,    48.4, LAND,     , 0,  329.7,  0.00,    , 0,  0.00,  0.00
C04A  ,  47.7172, -122.9718,    53.0, LAND,     , 0,  452.1,  0.00,    , 0,  0.00,  0.00
C05A  ,  47.6947, -121.6895,   541.0, LAND,     , 0,  545.9,  0.00,    , 0,  0.00,  0.00
C06A  ,  47.9230, -120.8944,   594.0, LAND,     , 0,  597.2,  0.00,    , 0,  0.00,  0.00
C06D  ,  47.9229, -120.8943,   544.0, LAND,     , 0,  597.2,  0.00,    , 0,  0.00,  0.00
C07A  ,  47.6902, -120.0613,   863.0, LAND,     , 0,  664.4,  0.00,    , 0,  0.00,  0.00
C08A  ,  47.7849, -119.0454,   783.0, LAND,     , 0,  735.5,  0.00,    , 0,  0.00,  0.00
C09A  ,  47.8006, -118.2741,   495.0, LAND,     , 0,  791.1,  0.00,    , 0,  0.00,  0.00
C10A  ,  47.8192, -117.3077,   684.0, LAND,     , 0,  860.8,  0.00,    , 0,  0.00,  0.00
C11A  ,  47.8397, -116.2557,   914.0, LAND,     , 0,  936.7,  0.00,    , 0,  0.00,  0.00
C12A  ,  47.7039, -115.4811,   782.0, LAND,     , 0,  996.9,  0.00,    , 0,  0.00,  0.00
C12B  ,  47.7092, -115.4750,   801.0, LAND,     , 0,  997.2,  0.00,    , 0,  0.00,  0.00
C13A  ,  47.6795, -114.5735,   976.0, LAND,     , 0, 1063.5,  0.00,    , 0,  0.00,  0.00
C14A  ,  47.7687, -113.7468,  1173.0, LAND,     , 0, 1121.1,  0.00,    , 0,  0.00,  0.00
C15A  ,  47.7750, -112.6072,  1522.0, LAND,     , 0, 1203.7,  0.00,    , 0,  0.00,  0.00
C16A  ,  47.8012, -111.7458,  1240.0, LAND,     , 0, 1265.6,  0.00,    , 0,  0.00,  0.00
D03A  ,  47.1161, -123.7714,    31.0, LAND,     , 0,  411.0,  0.00,    , 0,  0.00,  0.00
D03D  ,  47.5347, -123.0894,   262.0, LAND,     , 0,  448.7,  0.00,    , 0,  0.00,  0.00
D04A  ,  47.1109, -122.8035,    31.1, LAND,     , 0,  481.5,  0.00,    , 0,  0.00,  0.00
D04D  ,  47.1786, -122.7723,    37.0, LAND,     , 0,  481.8,  0.00,    , 0,  0.00,  0.00
D04E  ,  47.1786, -122.7715,    45.0, LAND,     , 0,  481.9,  0.00,    , 0,  0.00,  0.00
D05A  ,  47.1881, -121.9888,   266.4, LAND,     , 0,  538.5,  0.00,    , 0,  0.00,  0.00
D06A  ,  47.1935, -120.8445,   575.0, LAND,     , 0,  621.5,  0.00,    , 0,  0.00,  0.00
D07A  ,  47.1936, -119.9732,   453.0, LAND,     , 0,  684.8,  0.00,    , 0,  0.00,  0.00
D08A  ,  47.0573, -118.9210,   385.0, LAND,     , 0,  765.2,  0.00,    , 0,  0.00,  0.00
D09A  ,  47.0615, -118.3092,   540.0, LAND,     , 0,  809.5,  0.00,    , 0,  0.00,  0.00
D10A  ,  47.0547, -117.2759,   775.0, LAND,     , 0,  884.8,  0.00,    , 0,  0.00,  0.00
D11A  ,  47.0477, -116.3353,   849.0, LAND,     , 0,  953.4,  0.00,    , 0,  0.00,  0.00
D12A  ,  47.0528, -115.3525,  1135.0, LAND,     , 0, 1024.6,  0.00,    , 0,  0.00,  0.00
D13A  ,  47.0943, -114.4587,  1000.0, LAND,     , 0, 1088.4,  0.00,    , 0,  0.00,  0.00
D14A  ,  47.0816, -113.5062,  1444.0, LAND,     , 0, 1158.0,  0.00,    , 0,  0.00,  0.00
D15A  ,  47.0418, -112.5204,  1593.0, LAND,     , 0, 1230.8,  0.00,    , 0,  0.00,  0.00
D16A  ,  47.0308, -111.5492,  1427.0, LAND,     , 0, 1301.7,  0.00,    , 0,  0.00,  0.00
E03A  ,  46.5459, -123.5632,    72.8, LAND,     , 0,  442.3,  0.00,    , 0,  0.00,  0.00
E04A  ,  46.5934, -122.7204,   215.2, LAND,     , 0,  502.2,  0.00,    , 0,  0.00,  0.00
E04D  ,  46.5566, -122.5673,   204.0, LAND,     , 0,  514.3,  0.00,    , 0,  0.00,  0.00
E05A  ,  46.5605, -121.7608,  1481.0, LAND,     , 0,  572.8,  0.00,    , 0,  0.00,  0.00
E06A  ,  46.5433, -120.9791,   911.0, LAND,     , 0,  630.1,  0.00,    , 0,  0.00,  0.00
E07A  ,  46.5585, -119.8548,   561.0, LAND,     , 0,  711.4,  0.00,    , 0,  0.00,  0.00
E08A  ,  46.4911, -119.0595,   233.0, LAND,     , 0,  771.1,  0.00,    , 0,  0.00,  0.00
E09A  ,  46.5139, -118.1455,   304.0, LAND,     , 0,  836.9,  0.00,    , 0,  0.00,  0.00
E10A  ,  46.4850, -117.1102,   903.0, LAND,     , 0,  913.0,  0.00,    , 0,  0.00,  0.00
E11A  ,  46.3559, -116.2092,   831.0, LAND,     , 0,  982.1,  0.00,    , 0,  0.00,  0.00
E12A  ,  46.4151, -115.5705,  1555.0, LAND,     , 0, 1026.9,  0.00,    , 0,  0.00,  0.00
E13A  ,  46.4423, -114.1880,  1257.0, LAND,     , 0, 1126.6,  0.00,    , 0,  0.00,  0.00
E14A  ,  46.4162, -113.4926,  1675.0, LAND,     , 0, 1177.9,  0.00,    , 0,  0.00,  0.00
E15A  ,  46.4246, -112.6412,  1520.0, LAND,     , 0, 1239.5,  0.00,    , 0,  0.00,  0.00
E16A  ,  46.5336, -111.6764,  1398.0, LAND,     , 0, 1306.5,  0.00,    , 0,  0.00,  0.00
F03A  ,  45.9306, -123.5591,   324.6, LAND,     , 0,  460.0,  0.00,    , 0,  0.00,  0.00
F04A  ,  45.9325, -122.4193,   211.2, LAND,     , 0,  542.8,  0.00,    , 0,  0.00,  0.00
F04D  ,  46.0829, -123.0108,   236.0, LAND,     , 0,  495.5,  0.00,    , 0,  0.00,  0.00
F05A  ,  45.8839, -121.4588,   454.8, LAND,     , 0,  614.0,  0.00,    , 0,  0.00,  0.00
F05D  ,  45.8852, -121.4597,   472.0, LAND,     , 0,  613.8,  0.00,    , 0,  0.00,  0.00
F06A  ,  45.7664, -120.7817,   577.0, LAND,     , 0,  666.5,  0.00,    , 0,  0.00,  0.00
F07A  ,  45.8951, -119.9278,   227.0, LAND,     , 0,  724.9,  0.00,    , 0,  0.00,  0.00
F08A  ,  45.7971, -118.7768,   487.0, LAND,     , 0,  811.3,  0.00,    , 0,  0.00,  0.00
F09A  ,  45.7087, -117.9094,   894.0, LAND,     , 0,  876.9,  0.00,    , 0,  0.00,  0.00
F10A  ,  45.9734, -117.2277,  1136.0, LAND,     , 0,  918.9,  0.00,    , 0,  0.00,  0.00
F11A  ,  45.8883, -116.1549,  1186.0, LAND,     , 0,  999.3,  0.00,    , 0,  0.00,  0.00
F12A  ,  45.7565, -115.2547,  1442.0, LAND,     , 0, 1068.5,  0.00,    , 0,  0.00,  0.00
F13A  ,  45.7893, -114.3317,  1462.0, LAND,     , 0, 1134.6,  0.00,    , 0,  0.00,  0.00
F14A  ,  45.8122, -113.3699,  1851.0, LAND,     , 0, 1203.9,  0.00,    , 0,  0.00,  0.00
F15A  ,  45.8409, -112.4929,  1995.0, LAND,     , 0, 1266.8,  0.00,    , 0,  0.00,  0.00
F16A  ,  45.7843, -111.6262,  1350.0, LAND,     , 0, 1331.4,  0.00,    , 0,  0.00,  0.00
G03A_L,  45.3153, -123.2811,   208.0, LAND,     , 0,  497.6,  0.00,    , 0,  0.00,  0.00
G03D_L,  45.2115, -123.2641,   222.0, LAND,     , 0,  501.8,  0.00,    , 0,  0.00,  0.00
G04A  ,  45.2059, -122.4784,   272.8, LAND,     , 0,  559.0,  0.00,    , 0,  0.00,  0.00
G05A  ,  45.2422, -121.3167,   594.4, LAND,     , 0,  642.4,  0.00,    , 0,  0.00,  0.00
G05D_L,  45.2422, -121.3167,   592.0, LAND,     , 0,  642.4,  0.00,    , 0,  0.00,  0.00
G06A  ,  45.2357, -120.6351,   780.0, LAND,     , 0,  692.2,  0.00,    , 0,  0.00,  0.00
G07A  ,  45.2664, -119.6692,   801.0, LAND,     , 0,  761.5,  0.00,    , 0,  0.00,  0.00
G08A  ,  45.2904, -118.9595,  1318.0, LAND,     , 0,  812.4,  0.00,    , 0,  0.00,  0.00
G09A  ,  45.2781, -117.7802,  1027.0, LAND,     , 0,  898.5,  0.00,    , 0,  0.00,  0.00
G10A  ,  45.2925, -117.1204,  1527.0, LAND,     , 0,  946.0,  0.00,    , 0,  0.00,  0.00
G11A  ,  45.3997, -116.2680,  1343.0, LAND,     , 0, 1004.9,  0.00,    , 0,  0.00,  0.00
G12A  ,  45.1285, -115.3257,  1780.0, LAND,     , 0, 1081.1,  0.00,    , 0,  0.00,  0.00
G13A  ,  45.0931, -114.2329,  1538.0, LAND,     , 0, 1161.5,  0.00,    , 0,  0.00,  0.00
G14A  ,  45.2432, -113.4604,  2140.0, LAND,     , 0, 1213.4,  0.00,    , 0,  0.00,  0.00
G15A  ,  45.1660, -112.4887,  1857.0, LAND,     , 0, 1286.2,  0.00,    , 0,  0.00,  0.00
G16A  ,  45.2285, -111.8046,  1769.0, LAND,     , 0, 1334.2,  0.00,    , 0,  0.00,  0.00
H02A  ,  44.6764, -123.9997,   209.1, LAND,     , 0,  463.5,  0.00,    , 0,  0.00,  0.00
H03A  ,  44.6765, -123.2923,   214.3, LAND,     , 0,  514.9,  0.00,    , 0,  0.00,  0.00
H04A  ,  44.6837, -122.1862,   652.0, LAND,     , 0,  595.1,  0.00,    , 0,  0.00,  0.00
H04D  ,  44.5234, -122.7377,   284.0, LAND,     , 0,  559.5,  0.00,    , 0,  0.00,  0.00
H05A  ,  44.6473, -121.2271,   720.8, LAND,     , 0,  665.8,  0.00,    , 0,  0.00,  0.00
H06A  ,  44.7344, -120.3346,   516.0, LAND,     , 0,  728.2,  0.00,    , 0,  0.00,  0.00
H07A  ,  44.5913, -119.5646,  1204.0, LAND,     , 0,  788.2,  0.00,    , 0,  0.00,  0.00
H08A  ,  44.5191, -118.6704,  1373.0, LAND,     , 0,  855.3,  0.00,    , 0,  0.00,  0.00
H09A  ,  44.6653, -117.6643,  1263.0, LAND,     , 0,  924.2,  0.00,    , 0,  0.00,  0.00
H10A  ,  44.5890, -116.7474,   882.0, LAND,     , 0,  993.0,  0.00,    , 0,  0.00,  0.00
H11A  ,  44.7035, -116.0127,  1525.0, LAND,     , 0, 1043.2,  0.00,    , 0,  0.00,  0.00
H12A  ,  44.5494, -114.8554,  1777.0, LAND,     , 0, 1131.7,  0.00,    , 0,  0.00,  0.00
H13A  ,  44.5642, -114.2545,  1563.0, LAND,     , 0, 1174.9,  0.00,    , 0,  0.00,  0.00
H14A  ,  44.6165, -113.3674,  1933.0, LAND,     , 0, 1237.9,  0.00,    , 0,  0.00,  0.00
H15A  ,  44.6173, -112.6439,  1957.0, LAND,     , 0, 1290.5,  0.00,    , 0,  0.00,  0.00
H16A  ,  44.7038, -111.2478,  2080.0, LAND,     , 0, 1389.5,  0.00,    , 0,  0.00,  0.00
I02A  ,  44.0035, -123.8299,   170.1, LAND,     , 0,  494.9,  0.00,    , 0,  0.00,  0.00
I02D  ,  44.1059, -123.8469,   109.0, LAND,     , 0,  490.7,  0.00,    , 0,  0.00,  0.00
I03A  ,  43.9726, -123.2777,   205.7, LAND,     , 0,  535.9,  0.00,    , 0,  0.00,  0.00
I03D  ,  43.6972, -123.3487,   140.0, LAND,     , 0,  538.5,  0.00,    , 0,  0.00,  0.00
I04A  ,  43.7941, -122.4113,   731.0, LAND,     , 0,  603.9,  0.00,    , 0,  0.00,  0.00
I05A  ,  44.1626, -121.2675,  1011.0, LAND,     , 0,  676.6,  0.00,    , 0,  0.00,  0.00
I05D  ,  44.3386, -121.3395,   811.0, LAND,     , 0,  666.4,  0.00,    , 0,  0.00,  0.00
I06A  ,  43.9437, -120.2107,  1296.9, LAND,     , 0,  759.6,  0.00,    , 0,  0.00,  0.00
I07A  ,  44.0820, -119.5042,  1293.0, LAND,     , 0,  807.0,  0.00,    , 0,  0.00,  0.00
I08A  ,  43.9104, -118.5692,  1189.0, LAND,     , 0,  879.8,  0.00,    , 0,  0.00,  0.00
I09A  ,  43.9733, -117.7407,   950.0, LAND,     , 0,  938.3,  0.00,    , 0,  0.00,  0.00
I10A  ,  44.0860, -116.8029,   782.0, LAND,     , 0, 1003.2,  0.00,    , 0,  0.00,  0.00
I11A  ,  43.9121, -115.9578,  1288.0, LAND,     , 0, 1069.6,  0.00,    , 0,  0.00,  0.00
I12A  ,  43.7945, -115.1328,  1849.0, LAND,     , 0, 1132.9,  0.00,    , 0,  0.00,  0.00
I13A  ,  43.9146, -114.1169,  2104.0, LAND,     , 0, 1203.3,  0.00,    , 0,  0.00,  0.00
I14A  ,  43.9286, -113.4518,  1897.0, LAND,     , 0, 1251.3,  0.00,    , 0,  0.00,  0.00
I15A  ,  43.9997, -112.4850,  1470.0, LAND,     , 0, 1319.5,  0.00,    , 0,  0.00,  0.00
I16A  ,  43.8756, -111.4868,  1744.0, LAND,     , 0, 1395.6,  0.00,    , 0,  0.00,  0.00
J01D  ,  43.1614, -123.9314,   131.0, LAND,     , 0,  511.3,  0.00,    , 0,  0.00,  0.00
J01E  ,  43.1615, -123.9314,   128.0, LAND,     , 0,  511.3,  0.00,    , 0,  0.00,  0.00
J02A  ,  43.3654, -123.5747,   136.2, LAND,     , 0,  531.5,  0.00,    , 0,  0.00,  0.00
J03A  ,  43.3717, -122.9646,   292.0, LAND,     , 0,  575.6,  0.00,    , 0,  0.00,  0.00
J04A  ,  43.2406, -122.1093,  1952.0, LAND,     , 0,  641.5,  0.00,    , 0,  0.00,  0.00
J04D  ,  43.2405, -122.1093,  1948.0, LAND,     , 0,  641.5,  0.00,    , 0,  0.00,  0.00
J05A  ,  43.2843, -121.2357,  1540.0, LAND,     , 0,  703.8,  0.00,    , 0,  0.00,  0.00
J05D  ,  43.2848, -121.2347,  1541.0, LAND,     , 0,  703.8,  0.00,    , 0,  0.00,  0.00
J06A_L,  43.2515, -120.1528,  1407.2, LAND,     , 0,  783.4,  0.00,    , 0,  0.00,  0.00
J07A  ,  43.3736, -119.3105,  1273.0, LAND,     , 0,  841.2,  0.00,    , 0,  0.00,  0.00
J08A  ,  43.3580, -118.4743,  1229.0, LAND,     , 0,  902.4,  0.00,    , 0,  0.00,  0.00
J09A  ,  43.3471, -117.7542,  1303.0, LAND,     , 0,  955.0,  0.00,    , 0,  0.00,  0.00
J10A  ,  43.4275, -116.7670,   748.0, LAND,     , 0, 1024.5,  0.00,    , 0,  0.00,  0.00
J11A  ,  43.4151, -115.8278,  1302.0, LAND,     , 0, 1093.1,  0.00,    , 0,  0.00,  0.00
J12A  ,  43.2500, -115.0980,  1587.0, LAND,     , 0, 1150.8,  0.00,    , 0,  0.00,  0.00
J13A  ,  43.3979, -114.1742,  1552.0, LAND,     , 0, 1213.8,  0.00,    , 0,  0.00,  0.00
J14A  ,  43.3234, -113.5178,  1649.0, LAND,     , 0, 1263.6,  0.00,    , 0,  0.00,  0.00
J15A  ,  43.3998, -112.4334,  1497.0, LAND,     , 0, 1340.2,  0.00,    , 0,  0.00,  0.00
J16A  ,  43.2741, -111.6119,  2004.0, LAND,     , 0, 1403.5,  0.00,    , 0,  0.00,  0.00
K01A  ,  42.8088, -124.4692,   175.0, LAND,     , 0,  482.2,  0.00,    , 0,  0.00,  0.00
K02A  ,  42.7667, -123.4898,   963.0, LAND,     , 0,  554.6,  0.00,    , 0,  0.00,  0.00
K02D  ,  42.6955, -123.6654,   989.0, LAND,     , 0,  543.9,  0.00,    , 0,  0.00,  0.00
K04A  ,  42.6133, -121.7307,  1305.0, LAND,     , 0,  686.8,  0.00,    , 0,  0.00,  0.00
K04D  ,  42.6246, -121.7535,  1315.0, LAND,     , 0,  684.8,  0.00,    , 0,  0.00,  0.00
K05A  ,  42.7258, -120.8934,  1887.0, LAND,     , 0,  744.5,  0.00,    , 0,  0.00,  0.00
K06A  ,  42.7991, -120.2510,  1340.2, LAND,     , 0,  789.1,  0.00,    , 0,  0.00,  0.00
K07A  ,  42.6912, -119.2469,  1407.0, LAND,     , 0,  865.1,  0.00,    , 0,  0.00,  0.00
K08A  ,  42.7308, -118.4864,  1391.0, LAND,     , 0,  919.3,  0.00,    , 0,  0.00,  0.00
K09A  ,  42.6996, -117.7251,  1176.0, LAND,     , 0,  975.5,  0.00,    , 0,  0.00,  0.00
K10A  ,  42.7779, -116.8705,  1701.0, LAND,     , 0, 1035.4,  0.00,    , 0,  0.00,  0.00
K11A  ,  42.7713, -116.0323,   914.0, LAND,     , 0, 1096.5,  0.00,    , 0,  0.00,  0.00
K12A  ,  42.6360, -114.9029,  1091.0, LAND,     , 0, 1182.4,  0.00,    , 0,  0.00,  0.00
K13A  ,  42.6493, -114.0840,  1222.0, LAND,     , 0, 1241.5,  0.00,    , 0,  0.00,  0.00
K14A  ,  42.5452, -113.1760,  1387.0, LAND,     , 0, 1310.5,  0.00,    , 0,  0.00,  0.00
K15A  ,  42.6852, -112.5305,  1566.0, LAND,     , 0, 1353.4,  0.00,    , 0,  0.00,  0.00
K16A  ,  42.8321, -111.5884,  1885.0, LAND,     , 0, 1417.7,  0.00,    , 0,  0.00,  0.00
L02A  ,  42.1560, -123.6018,   484.6, LAND,     , 0,  563.8,  0.00,    , 0,  0.00,  0.00
L02D  ,  42.1578, -123.6031,   458.0, LAND,     , 0,  563.6,  0.00,    , 0,  0.00,  0.00
L02E  ,  42.1580, -123.6029,   454.0, LAND,     , 0,  563.6,  0.00,    , 0,  0.00,  0.00
L04A  ,  42.1750, -121.8910,  1336.0, LAND,     , 0,  687.6,  0.00,    , 0,  0.00,  0.00
L04D  ,  42.2180, -122.3046,  1437.0, LAND,     , 0,  656.3,  0.00,    , 0,  0.00,  0.00
L05A  ,  42.0472, -120.8336,  1751.0, LAND,     , 0,  768.0,  0.00,    , 0,  0.00,  0.00
L07A  ,  42.0187, -119.3398,  1816.0, LAND,     , 0,  877.4,  0.00,    , 0,  0.00,  0.00
L08A  ,  42.1901, -118.3445,  1490.0, LAND,     , 0,  944.9,  0.00,    , 0,  0.00,  0.00
L09A  ,  42.0192, -117.6667,  1430.5, LAND,     , 0,  999.0,  0.00,    , 0,  0.00,  0.00
L10A  ,  42.0773, -116.4711,  1537.0, LAND,     , 0, 1084.2,  0.00,    , 0,  0.00,  0.00
L11A  ,  42.1669, -115.7541,  1511.0, LAND,     , 0, 1133.8,  0.00,    , 0,  0.00,  0.00
L12A  ,  42.1460, -115.0162,  1756.0, LAND,     , 0, 1188.0,  0.00,    , 0,  0.00,  0.00
L13A  ,  42.0886, -113.9444,  1482.0, LAND,     , 0, 1267.6,  0.00,    , 0,  0.00,  0.00
L14A  ,  42.0343, -113.2398,  1528.0, LAND,     , 0, 1320.3,  0.00,    , 0,  0.00,  0.00
L15A  ,  42.0041, -112.3860,  1645.6, LAND,     , 0, 1383.2,  0.00,    , 0,  0.00,  0.00
L16A  ,  42.0149, -111.4319,  2013.0, LAND,     , 0, 1452.2,  0.00,    , 0,  0.00,  0.00
LAVA  ,  38.7552, -120.7395,   828.0, LAND,     , 0,  547.3,  0.00,    , 0,  0.00,  0.00
M01C_L,  41.8473, -124.1221,    38.0, LAND,     , 0,  213.1,  0.00,    , 0,  0.00,  0.00
M02C_L,  41.3920, -122.8538,   960.0, LAND,     , 0,  318.2,  0.00,    , 0,  0.00,  0.00
M03C_L,  41.2742, -122.1220,  1047.0, LAND,     , 0,  374.6,  0.00,    , 0,  0.00,  0.00
M04C_L,  41.7826, -121.8393,  1391.0, LAND,     , 0,  702.4,  0.00,    , 0,  0.00,  0.00
M05C_L,  41.3593, -121.1457,  1333.0, LAND,     , 0,  764.8,  0.00,    , 0,  0.00,  0.00
M06C_L,  41.2047, -120.4772,  1434.0, LAND,     , 0,  817.8,  0.00,    , 0,  0.00,  0.00
M07A_L,  41.3884, -119.1711,  1400.0, LAND,     , 0,  907.5,  0.00,    , 0,  0.00,  0.00
M08A_L,  41.4483, -118.3792,  1288.4, LAND,     , 0,  963.4,  0.00,    , 0,  0.00,  0.00
M09A  ,  41.4230, -117.4497,  1355.8, LAND,     , 0, 1031.6,  0.00,    , 0,  0.00,  0.00
M10A  ,  41.5220, -116.5396,  1687.4, LAND,     , 0, 1095.0,  0.00,    , 0,  0.00,  0.00
M11A  ,  41.4311, -115.7912,  1849.0, LAND,     , 0, 1152.0,  0.00,    , 0,  0.00,  0.00
M12A  ,  41.4157, -114.9151,  1930.0, LAND,     , 0, 1216.1,  0.00,    , 0,  0.00,  0.00
M13A  ,  41.3602, -114.1655,  1514.0, LAND,     , 0, 1272.1,  0.00,    , 0,  0.00,  0.00
M14A  ,  41.5030, -113.3471,  1318.0, LAND,     , 0, 1327.5,  0.00,    , 0,  0.00,  0.00
M15A  ,  41.4632, -112.4477,  1348.0, LAND,     , 0, 1394.0,  0.00,    , 0,  0.00,  0.00
M16A  ,  41.3146, -111.6298,  1872.0, LAND,     , 0, 1457.7,  0.00,    , 0,  0.00,  0.00
N02C  ,  40.8220, -123.3057,   717.0, LAND,     , 0,  301.8,  0.00,    , 0,  0.00,  0.00
N02D  ,  40.9740, -122.7050,   937.0, LAND,     , 0,  341.0,  0.00,    , 0,  0.00,  0.00
N06A  ,  40.7484, -119.8346,  1341.0, LAND,     , 0,  877.4,  0.00,    , 0,  0.00,  0.00
N07A  ,  40.7721, -118.9716,  1305.5, LAND,     , 0,  939.5,  0.00,    , 0,  0.00,  0.00
N07B  ,  40.7797, -118.9711,  1302.0, LAND,     , 0,  939.3,  0.00,    , 0,  0.00,  0.00
N08A  ,  40.7811, -118.1337,  1492.9, LAND,     , 0, 1000.1,  0.00,    , 0,  0.00,  0.00
N09A  ,  40.8520, -117.5244,  1617.3, LAND,     , 0, 1042.4,  0.00,    , 0,  0.00,  0.00
N10A  ,  40.7186, -116.5080,  1392.0, LAND,     , 0, 1120.0,  0.00,    , 0,  0.00,  0.00
N11A  ,  40.8167, -115.7360,  1643.0, LAND,     , 0, 1173.4,  0.00,    , 0,  0.00,  0.00
N12A  ,  40.8522, -115.0387,  1786.0, LAND,     , 0, 1223.0,  0.00,    , 0,  0.00,  0.00
N13A  ,  40.8556, -114.2045,  1385.0, LAND,     , 0, 1283.6,  0.00,    , 0,  0.00,  0.00
N14A  ,  40.8513, -113.1867,  1325.0, LAND,     , 0, 1357.7,  0.00,    , 0,  0.00,  0.00
N15A  ,  40.8903, -112.5201,  1408.0, LAND,     , 0, 1405.0,  0.00,    , 0,  0.00,  0.00
N16A  ,  40.8869, -111.4370,  2028.0, LAND,     , 0, 1483.8,  0.00,    , 0,  0.00,  0.00
O01C  ,  40.1398, -123.8195,   137.8, LAND,     , 0,  284.2,  0.00,    , 0,  0.00,  0.00
O02C  ,  40.1767, -122.7883,   962.0, LAND,     , 0,  357.9,  0.00,    , 0,  0.00,  0.00
O02D  ,  40.1766, -122.7884,   965.0, LAND,     , 0,  357.9,  0.00,    , 0,  0.00,  0.00
O03C  ,  39.9971, -122.0319,    85.0, LAND,     , 0,  417.9,  0.00,    , 0,  0.00,  0.00
O03D  ,  40.2947, -121.8018,   968.0, LAND,     , 0,  426.0,  0.00,    , 0,  0.00,  0.00
O03E  ,  40.2946, -121.8021,   967.0, LAND,     , 0,  426.0,  0.00,    , 0,  0.00,  0.00
O04C  ,  40.3200, -121.0860,  1513.0, LAND,     , 0,  477.2,  0.00,    , 0,  0.00,  0.00
O05C  ,  39.9620, -120.9176,  1032.0, LAND,     , 0,  499.7,  0.00,    , 0,  0.00,  0.00
O06A  ,  40.1650, -119.8275,  1228.7, LAND,     , 0,  572.9,  0.00,    , 0,  0.00,  0.00
O07A  ,  40.1614, -118.8772,  1203.0, LAND,     , 0,  641.9,  0.00,    , 0,  0.00,  0.00
O08A  ,  40.2903, -118.1550,  2137.6, LAND,     , 0, 1012.5,  0.00,    , 0,  0.00,  0.00
O09A  ,  40.1697, -117.1899,  1491.7, LAND,     , 0, 1086.0,  0.00,    , 0,  0.00,  0.00
O10A  ,  40.2917, -116.4999,  1470.0, LAND,     , 0, 1132.7,  0.00,    , 0,  0.00,  0.00
O11A  ,  40.1313, -115.6570,  1948.0, LAND,     , 0, 1198.5,  0.00,    , 0,  0.00,  0.00
O12A  ,  40.2679, -114.7454,  1743.0, LAND,     , 0, 1260.9,  0.00,    , 0,  0.00,  0.00
O13A  ,  40.1314, -113.9814,  1573.0, LAND,     , 0, 1320.3,  0.00,    , 0,  0.00,  0.00
O15A  ,  40.2807, -112.4694,  1611.0, LAND,     , 0, 1426.0,  0.00,    , 0,  0.00,  0.00
O16A  ,  40.2067, -111.5024,  1789.0, LAND,     , 0, 1498.3,  0.00,    , 0,  0.00,  0.00
P01C  ,  39.4690, -123.3375,   440.9, LAND,     , 0,  338.4,  0.00,    , 0,  0.00,  0.00
P05C  ,  39.3028, -120.6077,  1756.5, LAND,     , 0,  541.1,  0.00,    , 0,  0.00,  0.00
P06A  ,  39.6785, -119.8983,  1368.6, LAND,     , 0,  581.7,  0.00,    , 0,  0.00,  0.00
P07A  ,  39.5399, -118.8893,  1218.6, LAND,     , 0,  658.9,  0.00,    , 0,  0.00,  0.00
P08A  ,  39.6946, -118.0800,  1040.2, LAND,     , 0,  713.1,  0.00,    , 0,  0.00,  0.00
P09A  ,  39.5516, -117.1395,  1737.7, LAND,     , 0,  785.4,  0.00,    , 0,  0.00,  0.00
P10A  ,  39.6202, -116.4639,  1874.0, LAND,     , 0, 1154.3,  0.00,    , 0,  0.00,  0.00
P11A  ,  39.5530, -115.7536,  1787.0, LAND,     , 0, 1207.9,  0.00,    , 0,  0.00,  0.00
P12A  ,  39.4731, -114.9075,  1878.0, LAND,     , 0, 1271.6,  0.00,    , 0,  0.00,  0.00
P13A  ,  39.4550, -114.0156,  1555.0, LAND,     , 0, 1337.0,  0.00,    , 0,  0.00,  0.00
P14A  ,  39.5906, -113.0687,  1784.0, LAND,     , 0, 1401.9,  0.00,    , 0,  0.00,  0.00
P15A  ,  39.5708, -112.2786,  1576.0, LAND,     , 0, 1459.9,  0.00,    , 0,  0.00,  0.00
P16A  ,  39.6092, -111.6595,  1822.0, LAND,     , 0, 1503.8,  0.00,    , 0,  0.00,  0.00
Q03C  ,  38.6333, -122.0145,   108.0, LAND,     , 0,  458.4,  0.00,    , 0,  0.00,  0.00
Q04C  ,  38.8390, -121.3769,    14.0, LAND,     , 0,  498.7,  0.00,    , 0,  0.00,  0.00
Q07A  ,  38.9383, -118.8078,  1275.9, LAND,     , 0,  682.1,  0.00,    , 0,  0.00,  0.00
Q08A  ,  38.8606, -117.9316,  1411.5, LAND,     , 0,  747.8,  0.00,    , 0,  0.00,  0.00
Q09A  ,  38.8340, -117.1816,  1703.5, LAND,     , 0,  803.0,  0.00,    , 0,  0.00,  0.00
Q10A  ,  38.8247, -116.3999,  2027.0, LAND,     , 0,  859.9,  0.00,    , 0,  0.00,  0.00
Q11A  ,  38.8455, -115.6541,  1562.0, LAND,     , 0,  913.4,  0.00,    , 0,  0.00,  0.00
Q12A  ,  39.0400, -114.8299,  1625.0, LAND,     , 0, 1289.5,  0.00,    , 0,  0.00,  0.00
Q13A  ,  38.9551, -114.0202,  1583.0, LAND,     , 0, 1350.8,  0.00,    , 0,  0.00,  0.00
Q14A  ,  38.9882, -113.2769,  1464.0, LAND,     , 0, 1403.9,  0.00,    , 0,  0.00,  0.00
Q15A  ,  38.9995, -112.3793,  1477.0, LAND,     , 0, 1468.8,  0.00,    , 0,  0.00,  0.00
Q16A  ,  38.9176, -111.1716,  1912.0, LAND,     , 0, 1558.9,  0.00,    , 0,  0.00,  0.00
R04C  ,  38.2571, -120.9363,   115.0, LAND,     , 0,  547.4,  0.00,    , 0,  0.00,  0.00
R05C  ,  38.7028, -120.0755,  2366.0, LAND,     , 0,  596.9,  0.00,    , 0,  0.00,  0.00
R06C  ,  38.5226, -119.4509,  1698.0, LAND,     , 0,  647.4,  0.00,    , 0,  0.00,  0.00
R07C  ,  38.0890, -119.0469,  1996.0, LAND,     , 0,  689.2,  0.00,    , 0,  0.00,  0.00
R08A  ,  38.3489, -118.1064,  1419.8, LAND,     , 0,  749.9,  0.00,    , 0,  0.00,  0.00
R09A  ,  38.2397, -117.0718,  1759.0, LAND,     , 0,  828.0,  0.00,    , 0,  0.00,  0.00
R10A  ,  38.2886, -116.3021,  1600.0, LAND,     , 0,  882.4,  0.00,    , 0,  0.00,  0.00
R11A  ,  38.3489, -115.5854,  1756.0, LAND,     , 0,  932.7,  0.00,    , 0,  0.00,  0.00
R12A  ,  38.3281, -114.6076,  1845.0, LAND,     , 0, 1004.2,  0.00,    , 0,  0.00,  0.00
R13A  ,  38.1802, -113.9691,  1969.0, LAND,     , 0, 1054.7,  0.00,    , 0,  0.00,  0.00
R14A  ,  38.2987, -113.0213,  1542.0, LAND,     , 0, 1442.0,  0.00,    , 0,  0.00,  0.00
R15A  ,  38.2108, -112.2767,  1861.0, LAND,     , 0, 1498.6,  0.00,    , 0,  0.00,  0.00
R16A  ,  38.2843, -111.4827,  2202.0, LAND,     , 0, 1554.2,  0.00,    , 0,  0.00,  0.00
S04C  ,  37.5049, -121.3278,   310.0, LAND,     , 0,  540.6,  0.00,    , 0,  0.00,  0.00
S05C  ,  37.3460, -120.3296,    85.0, LAND,     , 0,  617.6,  0.00,    , 0,  0.00,  0.00
S06C  ,  37.8817, -119.8488,  1377.0, LAND,     , 0,  637.0,  0.00,    , 0,  0.00,  0.00
S08C  ,  37.4993, -118.1711,  3087.0, LAND,     , 0,  769.6,  0.00,    , 0,  0.00,  0.00
S09A  ,  37.7243, -117.2246,  1767.8, LAND,     , 0,  831.8,  0.00,    , 0,  0.00,  0.00
S10A  ,  37.9230, -116.5948,  1796.0, LAND,     , 0,  871.7,  0.00,    , 0,  0.00,  0.00
S11A  ,  37.6444, -115.7472,  1456.0, LAND,     , 0,  941.2,  0.00,    , 0,  0.00,  0.00
S12A  ,  37.6083, -114.8489,  1479.0, LAND,     , 0, 1007.4,  0.00,    , 0,  0.00,  0.00
S13A  ,  37.5808, -113.8604,  1698.0, LAND,     , 0, 1079.8,  0.00,    , 0,  0.00,  0.00
S14A  ,  37.7601, -113.1684,  1746.0, LAND,     , 0, 1124.8,  0.00,    , 0,  0.00,  0.00
S15A  ,  37.6761, -112.3627,  2102.0, LAND,     , 0, 1185.7,  0.00,    , 0,  0.00,  0.00
S16A  ,  37.7222, -111.5961,  1785.0, LAND,     , 0, 1561.9,  0.00,    , 0,  0.00,  0.00
T05C  ,  36.8953, -120.6737,    46.0, LAND,     , 0,  605.6,  0.00,    , 0,  0.00,  0.00
T06C  ,  37.0069, -119.7089,   216.0, LAND,     , 0,  672.3,  0.00,    , 0,  0.00,  0.00
T11A  ,  37.2408, -115.2202,  1402.0, LAND,     , 0,  991.0,  0.00,    , 0,  0.00,  0.00
T12A  ,  36.7256, -114.7147,   538.0, LAND,     , 0, 1042.5,  0.00,    , 0,  0.00,  0.00
T13A  ,  37.0195, -113.9073,   878.0, LAND,     , 0, 1092.6,  0.00,    , 0,  0.00,  0.00
T14A  ,  37.0615, -113.0840,  1529.0, LAND,     , 0, 1151.1,  0.00,    , 0,  0.00,  0.00
T15A  ,  37.0183, -112.3824,  1561.0, LAND,     , 0, 1203.2,  0.00,    , 0,  0.00,  0.00
T16A  ,  36.9839, -111.5060,  1177.0, LAND,     , 0, 1267.7,  0.00,    , 0,  0.00,  0.00
U04C  ,  36.3627, -120.7828,   812.6, LAND,     , 0,  613.0,  0.00,    , 0,  0.00,  0.00
U05C  ,  36.3356, -120.1205,    92.0, LAND,     , 0,  661.8,  0.00,    , 0,  0.00,  0.00
U10A  ,  36.4193, -116.3297,   668.0, LAND,     , 0,  934.2,  0.00,    , 0,  0.00,  0.00
U11A  ,  36.4230, -115.3835,   867.0, LAND,     , 0, 1002.7,  0.00,    , 0,  0.00,  0.00
U12A  ,  36.4321, -114.5388,   644.0, LAND,     , 0, 1063.7,  0.00,    , 0,  0.00,  0.00
U13A  ,  36.4151, -113.9653,   712.0, LAND,     , 0, 1105.8,  0.00,    , 0,  0.00,  0.00
U14A  ,  36.4182, -113.1805,  1916.0, LAND,     , 0, 1162.6,  0.00,    , 0,  0.00,  0.00
U15A  ,  36.4280, -112.2915,  2489.0, LAND,     , 0, 1226.7,  0.00,    , 0,  0.00,  0.00
U16A  ,  36.1428, -111.1297,  1544.0, LAND,     , 0, 1319.2,  0.00,    , 0,  0.00,  0.00
V03C  ,  36.0214, -121.2356,   336.0, LAND,     , 0,  590.0,  0.00,    , 0,  0.00,  0.00
BUCK  ,  44.1973, -122.9862,   964.0, LAND,     , 0,  550.7,  0.00,    , 0,  0.00,  0.00
DBO   ,  43.1190, -123.2439,   984.0, LAND,     , 0,  562.5,  0.00,    , 0,  0.00,  0.00
EUO   ,  44.0292, -123.0701,   160.0, LAND,     , 0,  549.4,  0.00,    , 0,  0.00,  0.00
PIN   ,  43.8110, -120.8731,  1865.0, LAND,     , 0,  715.2,  0.00,    , 0,  0.00,  0.00
PINE  ,  43.7921, -120.9407,  1916.0, LAND,     , 0,  710.8,  0.00,    , 0,  0.00,  0.00
AHID  ,  42.7654, -111.1004,  1960.0, LAND,     , 0, 1455.1,  0.00,    , 0,  0.00,  0.00
BMO   ,  44.8525, -117.3060,  1154.0, LAND,     , 0,  945.0,  0.00,    , 0,  0.00,  0.00
BOZ   ,  45.5970, -111.6297,  1589.0, LAND,     , 0, 1336.4,  0.00,    , 0,  0.00,  0.00
DUG   ,  40.1950, -112.8133,  1477.0, LAND,     , 0, 1403.4,  0.00,    , 0,  0.00,  0.00
ELK   ,  40.7448, -115.2388,  2210.0, LAND,     , 0, 1211.5,  0.00,    , 0,  0.00,  0.00
HAWA  ,  46.3925, -119.5327,   364.0, LAND,     , 0,  739.5,  0.00,    , 0,  0.00,  0.00
HLID  ,  43.5625, -114.4138,  1772.0, LAND,     , 0, 1191.7,  0.00,    , 0,  0.00,  0.00
HWUT  ,  41.6069, -111.5652,  1830.0, LAND,     , 0, 1454.1,  0.00,    , 0,  0.00,  0.00
MNV   ,  38.4328, -118.1531,  1524.0, LAND,     , 0,  744.1,  0.00,    , 0,  0.00,  0.00
MSO   ,  46.8292, -113.9406,  1264.0, LAND,     , 0, 1133.6,  0.00,    , 0,  0.00,  0.00
NEW   ,  48.2642, -117.1227,   760.0, LAND,     , 0,  861.7,  0.00,    , 0,  0.00,  0.00
NLWA  ,  47.3917, -123.8691,   640.0, LAND,     , 0,  396.1,  0.00,    , 0,  0.00,  0.00
OCWA  ,  47.7489, -124.1781,   671.0, LAND,     , 0,  363.5,  0.00,    , 0,  0.00,  0.00
TPNV  ,  36.9488, -116.2495,  1600.0, LAND,     , 0,  924.8,  0.00,    , 0,  0.00,  0.00
WVOR  ,  42.4339, -118.6367,  1344.0, LAND,     , 0,  916.7,  0.00,    , 0,  0.00,  0.00
BABR  ,  44.6213, -123.7892,   418.0, LAND,     , 0,  480.3,  0.00,    , 0,  0.00,  0.00
BAND  ,  43.0903, -124.4093,     6.5, LAND,     , 0,  478.6,  0.00,    , 0,  0.00,  0.00
BEND  ,  44.0667, -121.3278,  1141.0, LAND,     , 0,  674.9,  0.00,    , 0,  0.00,  0.00
BILS  ,  47.5397, -124.2514,    62.0, LAND,     , 0,  364.1,  0.00,    , 0,  0.00,  0.00
BLOW  ,  44.6837, -122.1862,   652.0, LAND,     , 0,  595.1,  0.00,    , 0,  0.00,  0.00
BRAN  ,  45.9734, -117.2277,  1136.0, LAND,     , 0,  918.9,  0.00,    , 0,  0.00,  0.00
BRKS  ,  47.7551, -122.2895,    20.0, LAND,     , 0,  500.6,  0.00,    , 0,  0.00,  0.00
BROK  ,  42.0767, -124.2934,   140.0, LAND,     , 0,  194.1,  0.00,    , 0,  0.00,  0.00
CABL  ,  42.8365, -124.5634,    27.0, LAND,     , 0,  474.6,  0.00,    , 0,  0.00,  0.00
CCRK  ,  46.5585, -119.8548,   561.0, LAND,     , 0,  711.4,  0.00,    , 0,  0.00,  0.00
CHZZ  ,  45.4865, -123.9781,    55.0, LAND,     , 0,  442.1,  0.00,    , 0,  0.00,  0.00
CNNB  ,  45.8881, -123.9605,    13.0, LAND,     , 0,  432.0,  0.00,    , 0,  0.00,  0.00
COOS  ,  43.3957, -124.2533,    34.0, LAND,     , 0,  481.3,  0.00,    , 0,  0.00,  0.00
CORE  ,  46.9257, -123.9160,    46.0, LAND,     , 0,  405.9,  0.00,    , 0,  0.00,  0.00
CPW   ,  46.9736, -123.1376,   792.0, LAND,     , 0,  461.1,  0.00,    , 0,  0.00,  0.00
DAVN  ,  47.8006, -118.2741,   495.0, LAND,     , 0,  791.1,  0.00,    , 0,  0.00,  0.00
DDRF  ,  46.4911, -119.0595,   233.0, LAND,     , 0,  771.1,  0.00,    , 0,  0.00,  0.00
DOSE  ,  47.7172, -122.9718,    53.0, LAND,     , 0,  452.1,  0.00,    , 0,  0.00,  0.00
ELW   ,  47.4941, -121.8727,   267.0, LAND,     , 0,  538.3,  0.00,    , 0,  0.00,  0.00
ERW   ,  48.4540, -122.6251,   389.0, LAND,     , 0,  456.4,  0.00,    , 0,  0.00,  0.00
FISH  ,  45.9306, -123.5591,   324.6, LAND,     , 0,  460.0,  0.00,    , 0,  0.00,  0.00
FLRE  ,  43.9881, -124.1094,    17.0, LAND,     , 0,  475.0,  0.00,    , 0,  0.00,  0.00
FORK  ,  47.9475, -124.5662,    48.0, LAND,     , 0,  329.7,  0.00,    , 0,  0.00,  0.00
GHW   ,  47.0415, -122.2737,   268.0, LAND,     , 0,  521.9,  0.00,    , 0,  0.00,  0.00
GLDO  ,  45.8388, -120.8148,   610.0, LAND,     , 0,  662.0,  0.00,    , 0,  0.00,  0.00
GNW   ,  47.5641, -122.8250,   220.0, LAND,     , 0,  467.1,  0.00,    , 0,  0.00,  0.00
GRCC  ,  47.3124, -122.1803,   134.0, LAND,     , 0,  521.1,  0.00,    , 0,  0.00,  0.00
H1K   ,  46.6447, -119.5929,   152.0, LAND,     , 0,  728.0,  0.00,    , 0,  0.00,  0.00
H2E   ,  46.5578, -119.5345,   210.0, LAND,     , 0,  734.7,  0.00,    , 0,  0.00,  0.00
H2W   ,  46.5517, -119.6453,   201.0, LAND,     , 0,  726.8,  0.00,    , 0,  0.00,  0.00
H3A   ,  46.3632, -119.2775,   119.0, LAND,     , 0,  758.9,  0.00,    , 0,  0.00,  0.00
H4A   ,  46.4377, -119.3557,   171.0, LAND,     , 0,  751.1,  0.00,    , 0,  0.00,  0.00
HEBO  ,  45.2135, -123.7554,   875.0, LAND,     , 0,  466.0,  0.00,    , 0,  0.00,  0.00
HGBL  ,  46.5980, -119.4608,   331.0, LAND,     , 0,  738.9,  0.00,    , 0,  0.00,  0.00
HMET  ,  46.5632, -119.6059,   209.0, LAND,     , 0,  729.4,  0.00,    , 0,  0.00,  0.00
HOG   ,  42.2428, -121.7062,  1892.0, LAND,     , 0,  699.1,  0.00,    , 0,  0.00,  0.00
HOOD  ,  45.3223, -121.6509,  1512.0, LAND,     , 0,  615.9,  0.00,    , 0,  0.00,  0.00
HWIW  ,  46.4292, -119.2890,   129.0, LAND,     , 0,  756.2,  0.00,    , 0,  0.00,  0.00
HWK1  ,  47.5951, -122.3309,    11.0, LAND,     , 0,  502.1,  0.00,    , 0,  0.00,  0.00
HWK2  ,  47.5950, -122.3306,    46.0, LAND,     , 0,  502.1,  0.00,    , 0,  0.00,  0.00
HWK3  ,  47.5090, -122.3328,    46.0, LAND,     , 0,  504.4,  0.00,    , 0,  0.00,  0.00
IONE  ,  45.4980, -119.8278,   317.0, LAND,     , 0,  743.4,  0.00,    , 0,  0.00,  0.00
IRON  ,  43.3580, -118.4743,  1229.0, LAND,     , 0,  902.4,  0.00,    , 0,  0.00,  0.00
IZEE  ,  44.0820, -119.5042,  1293.0, LAND,     , 0,  807.0,  0.00,    , 0,  0.00,  0.00
JEDS  ,  43.7516, -124.0490,   148.0, LAND,     , 0,  486.1,  0.00,    , 0,  0.00,  0.00
KENT  ,  45.2357, -120.6351,   780.0, LAND,     , 0,  692.2,  0.00,    , 0,  0.00,  0.00
LCCR  ,  45.2059, -122.4784,   272.8, LAND,     , 0,  559.0,  0.00,    , 0,  0.00,  0.00
LEBA  ,  46.5459, -123.5632,    72.8, LAND,     , 0,  442.3,  0.00,    , 0,  0.00,  0.00
LON   ,  46.7506, -121.8096,   853.0, LAND,     , 0,  563.9,  0.00,    , 0,  0.00,  0.00
LRIV  ,  48.0575, -123.5040,   293.8, LAND,     , 0,  403.8,  0.00,    , 0,  0.00,  0.00
LTY   ,  47.2545, -120.6664,   807.0, LAND,     , 0,  632.7,  0.00,    , 0,  0.00,  0.00
LWCK  ,  46.2778, -124.0536,    60.4, LAND,     , 0,  414.2,  0.00,    , 0,  0.00,  0.00
MEAN  ,  47.6227, -122.3052,    37.0, LAND,     , 0,  503.2,  0.00,    , 0,  0.00,  0.00
MEGW  ,  46.2661, -123.8771,   351.0, LAND,     , 0,  427.4,  0.00,    , 0,  0.00,  0.00
MJ2   ,  46.5574, -119.3601,   146.0, LAND,     , 0,  747.4,  0.00,    , 0,  0.00,  0.00
MKAH  ,  48.3707, -124.5891,    18.0, LAND,     , 0,  316.0,  0.00,    , 0,  0.00,  0.00
MORO  ,  45.4743, -120.7418,   557.0, LAND,     , 0,  677.7,  0.00,    , 0,  0.00,  0.00
MRBL  ,  48.5183, -121.4845,    75.0, LAND,     , 0,  537.5,  0.00,    , 0,  0.00,  0.00
NNVM  ,  43.7112, -121.2769,  1927.0, LAND,     , 0,  688.7,  0.00,    , 0,  0.00,  0.00
OCEN  ,  46.9525, -124.1595,     4.0, LAND,     , 0,  387.4,  0.00,    , 0,  0.00,  0.00
OCP   ,  48.2978, -124.6252,   487.0, LAND,     , 0,  315.5,  0.00,    , 0,  0.00,  0.00
OFR   ,  47.9331, -124.3960,   152.0, LAND,     , 0,  342.5,  0.00,    , 0,  0.00,  0.00
OMAK  ,  48.3584, -119.3332,   696.0, LAND,     , 0,  698.4,  0.00,    , 0,  0.00,  0.00
OOW2  ,  47.7492, -124.1754,   741.0, LAND,     , 0,  363.7,  0.00,    , 0,  0.00,  0.00
OPC   ,  48.1001, -123.4129,    90.0, LAND,     , 0,  409.2,  0.00,    , 0,  0.00,  0.00
PASS  ,  48.9983, -122.0852,   174.3, LAND,     , 0,  480.2,  0.00,    , 0,  0.00,  0.00
PGO   ,  45.4617, -122.4544,   253.0, LAND,     , 0,  553.5,  0.00,    , 0,  0.00,  0.00
PHIN  ,  45.8951, -119.9278,   227.0, LAND,     , 0,  724.9,  0.00,    , 0,  0.00,  0.00
PNLK  ,  47.5816, -122.0348,   128.0, LAND,     , 0,  524.0,  0.00,    , 0,  0.00,  0.00
QADA  ,  47.6728, -122.3896,    31.0, LAND,     , 0,  495.6,  0.00,    , 0,  0.00,  0.00
QAMI  ,  45.5256, -122.9761,    57.0, LAND,     , 0,  513.8,  0.00,    , 0,  0.00,  0.00
QARB  ,  47.6403, -122.2938,    13.0, LAND,     , 0,  503.5,  0.00,    , 0,  0.00,  0.00
QBAY  ,  47.6506, -122.3774,    16.0, LAND,     , 0,  497.2,  0.00,    , 0,  0.00,  0.00
QBGD  ,  47.2979, -122.3767,   117.0, LAND,     , 0,  507.2,  0.00,    , 0,  0.00,  0.00
QBIT  ,  47.7221, -122.3499,   138.0, LAND,     , 0,  497.1,  0.00,    , 0,  0.00,  0.00
QBOG  ,  47.6932, -122.3571,    78.0, LAND,     , 0,  497.4,  0.00,    , 0,  0.00,  0.00
QBOV  ,  47.6223, -122.1976,     2.0, LAND,     , 0,  511.0,  0.00,    , 0,  0.00,  0.00
QBRO  ,  48.0740, -122.1212,    96.0, LAND,     , 0,  503.8,  0.00,    , 0,  0.00,  0.00
QBSH  ,  47.5280, -122.0320,    36.0, LAND,     , 0,  525.7,  0.00,    , 0,  0.00,  0.00
QBUS  ,  48.2310, -122.2004,    50.0, LAND,     , 0,  493.6,  0.00,    , 0,  0.00,  0.00
QCDG  ,  48.1000, -122.5870,    52.0, LAND,     , 0,  469.2,  0.00,    , 0,  0.00,  0.00
QCEN  ,  46.7163, -122.9619,    55.0, LAND,     , 0,  481.1,  0.00,    , 0,  0.00,  0.00
QCMM  ,  47.2864, -122.5076,    89.0, LAND,     , 0,  498.0,  0.00,    , 0,  0.00,  0.00
QCOM  ,  47.6182, -122.3336,    87.0, LAND,     , 0,  501.3,  0.00,    , 0,  0.00,  0.00
QCON  ,  48.3402, -122.3446,     2.0, LAND,     , 0,  480.0,  0.00,    , 0,  0.00,  0.00
QCOR  ,  47.6551, -122.3318,    48.0, LAND,     , 0,  500.3,  0.00,    , 0,  0.00,  0.00
QDAD  ,  45.4408, -122.6295,    32.0, LAND,     , 0,  541.4,  0.00,    , 0,  0.00,  0.00
QDHS  ,  47.5841, -122.3966,    70.0, LAND,     , 0,  497.6,  0.00,    , 0,  0.00,  0.00
QDJW  ,  45.5227, -122.5892,   138.0, LAND,     , 0,  542.0,  0.00,    , 0,  0.00,  0.00
QDLP  ,  47.5065, -122.1474,   138.0, LAND,     , 0,  518.0,  0.00,    , 0,  0.00,  0.00
QDND  ,  45.4791, -122.5824,    73.0, LAND,     , 0,  543.8,  0.00,    , 0,  0.00,  0.00
QEGA  ,  47.9828, -122.2126,    26.0, LAND,     , 0,  499.7,  0.00,    , 0,  0.00,  0.00
QEMI  ,  47.6375, -122.3085,    35.0, LAND,     , 0,  502.5,  0.00,    , 0,  0.00,  0.00
QEMS  ,  46.9861, -122.8104,    61.0, LAND,     , 0,  484.5,  0.00,    , 0,  0.00,  0.00
QESB  ,  47.6275, -122.1101,   118.0, LAND,     , 0,  517.2,  0.00,    , 0,  0.00,  0.00
QEWU  ,  47.6696, -117.4422,   573.0, LAND,     , 0,  855.3,  0.00,    , 0,  0.00,  0.00
QFAL  ,  47.5656, -121.9005,    38.0, LAND,     , 0,  534.2,  0.00,    , 0,  0.00,  0.00
QFFG  ,  47.2442, -122.3580,     4.0, LAND,     , 0,  510.1,  0.00,    , 0,  0.00,  0.00
QFRG  ,  47.3803, -122.3061,    78.0, LAND,     , 0,  510.0,  0.00,    , 0,  0.00,  0.00
QFRZ  ,  47.0347, -122.9207,   564.0, LAND,     , 0,  475.1,  0.00,    , 0,  0.00,  0.00
QFTL  ,  47.5333, -122.3923,    56.0, LAND,     , 0,  499.4,  0.00,    , 0,  0.00,  0.00
QFUG  ,  45.5742, -122.6860,    50.0, LAND,     , 0,  533.5,  0.00,    , 0,  0.00,  0.00
QGBP  ,  48.7334, -122.6676,     4.0, LAND,     , 0,  445.4,  0.00,    , 0,  0.00,  0.00
QGFY  ,  47.6066, -122.1951,    31.0, LAND,     , 0,  511.7,  0.00,    , 0,  0.00,  0.00
QGLD  ,  46.6444, -120.5824,    37.0, LAND,     , 0,  656.1,  0.00,    , 0,  0.00,  0.00
QGNG  ,  47.6901, -122.3957,    85.0, LAND,     , 0,  494.7,  0.00,    , 0,  0.00,  0.00
QHAN  ,  47.5752, -122.3819,   116.0, LAND,     , 0,  499.0,  0.00,    , 0,  0.00,  0.00
QHOP  ,  47.0609, -122.8396,   619.0, LAND,     , 0,  480.3,  0.00,    , 0,  0.00,  0.00
QHRH  ,  47.4773, -122.2014,    54.0, LAND,     , 0,  514.9,  0.00,    , 0,  0.00,  0.00
QHSH  ,  48.7605, -122.4966,    21.0, LAND,     , 0,  457.1,  0.00,    , 0,  0.00,  0.00
QJBC  ,  45.4635, -122.7934,    58.0, LAND,     , 0,  528.9,  0.00,    , 0,  0.00,  0.00
QJEA  ,  47.3762, -122.2232,    79.0, LAND,     , 0,  516.1,  0.00,    , 0,  0.00,  0.00
QJLF  ,  48.9851, -122.7429,    13.0, LAND,     , 0,  432.8,  0.00,    , 0,  0.00,  0.00
QJOE  ,  48.0466, -122.1400,    39.0, LAND,     , 0,  503.2,  0.00,    , 0,  0.00,  0.00
QKEV  ,  47.3072, -122.2172,    27.0, LAND,     , 0,  518.5,  0.00,    , 0,  0.00,  0.00
QKRK  ,  47.7070, -122.1940,    78.0, LAND,     , 0,  508.9,  0.00,    , 0,  0.00,  0.00
QKSO  ,  47.2699, -122.4791,    98.0, LAND,     , 0,  500.6,  0.00,    , 0,  0.00,  0.00
QKTN  ,  47.8086, -122.5293,    42.0, LAND,     , 0,  481.6,  0.00,    , 0,  0.00,  0.00
QLBR  ,  47.4695, -122.3595,   108.0, LAND,     , 0,  503.6,  0.00,    , 0,  0.00,  0.00
QLIN  ,  47.6925, -122.3485,   103.0, LAND,     , 0,  498.1,  0.00,    , 0,  0.00,  0.00
QLIZ  ,  47.0067, -122.9248,   481.0, LAND,     , 0,  475.6,  0.00,    , 0,  0.00,  0.00
QLKR  ,  47.5068, -122.2431,    77.0, LAND,     , 0,  511.0,  0.00,    , 0,  0.00,  0.00
QLUE  ,  45.4918, -122.6792,    87.0, LAND,     , 0,  536.4,  0.00,    , 0,  0.00,  0.00
QMAC  ,  47.3455, -122.3225,    55.0, LAND,     , 0,  509.8,  0.00,    , 0,  0.00,  0.00
QMAD  ,  45.5370, -122.6148,    57.0, LAND,     , 0,  539.8,  0.00,    , 0,  0.00,  0.00
QMAL  ,  47.6750, -122.3070,    13.0, LAND,     , 0,  501.6,  0.00,    , 0,  0.00,  0.00
QMAP  ,  47.4506, -122.3331,    69.0, LAND,     , 0,  506.0,  0.00,    , 0,  0.00,  0.00
QMAS  ,  47.5877, -122.2897,    53.0, LAND,     , 0,  505.3,  0.00,    , 0,  0.00,  0.00
QMIN  ,  47.5879, -122.2456,    71.0, LAND,     , 0,  508.5,  0.00,    , 0,  0.00,  0.00
QMLO  ,  47.3640, -122.0877,   121.0, LAND,     , 0,  526.3,  0.00,    , 0,  0.00,  0.00
QNCH  ,  45.6149, -122.5689,    88.0, LAND,     , 0,  540.9,  0.00,    , 0,  0.00,  0.00
QNKP  ,  47.7185, -122.3705,    76.0, LAND,     , 0,  495.7,  0.00,    , 0,  0.00,  0.00
QNPB  ,  47.4333, -122.3424,    66.0, LAND,     , 0,  505.9,  0.00,    , 0,  0.00,  0.00
QNWT  ,  47.6369, -122.3944,    71.0, LAND,     , 0,  496.3,  0.00,    , 0,  0.00,  0.00
QNZO  ,  45.5081, -122.8093,    67.0, LAND,     , 0,  526.4,  0.00,    , 0,  0.00,  0.00
QOCL  ,  47.0265, -122.9004,    54.0, LAND,     , 0,  476.8,  0.00,    , 0,  0.00,  0.00
QOCS  ,  46.9776, -124.1672,     5.0, LAND,     , 0,  386.1,  0.00,    , 0,  0.00,  0.00
QOPE  ,  47.0468, -122.9012,     3.0, LAND,     , 0,  476.2,  0.00,    , 0,  0.00,  0.00
QOUT  ,  47.5101, -122.3930,     9.0, LAND,     , 0,  500.0,  0.00,    , 0,  0.00,  0.00
QPAL  ,  47.6563, -122.3563,    51.0, LAND,     , 0,  498.5,  0.00,    , 0,  0.00,  0.00
QPBC  ,  47.8018, -122.3265,    95.0, LAND,     , 0,  496.6,  0.00,    , 0,  0.00,  0.00
QPID  ,  47.6457, -117.3696,   627.0, LAND,     , 0,  861.3,  0.00,    , 0,  0.00,  0.00
QPJE  ,  47.7105, -117.4131,   630.0, LAND,     , 0,  856.3,  0.00,    , 0,  0.00,  0.00
QPLV  ,  47.8585, -121.9920,    15.0, LAND,     , 0,  519.3,  0.00,    , 0,  0.00,  0.00
QPRK  ,  47.6445, -122.4167,    29.0, LAND,     , 0,  494.5,  0.00,    , 0,  0.00,  0.00
QRCR  ,  47.4867, -122.2067,     9.0, LAND,     , 0,  514.2,  0.00,    , 0,  0.00,  0.00
QRMB  ,  47.7748, -122.3895,    39.0, LAND,     , 0,  492.8,  0.00,    , 0,  0.00,  0.00
QRNR  ,  47.5198, -122.2596,    21.0, LAND,     , 0,  509.4,  0.00,    , 0,  0.00,  0.00
QRWC  ,  48.8654, -122.6135,    79.0, LAND,     , 0,  445.6,  0.00,    , 0,  0.00,  0.00
QSAL  ,  45.5152, -122.4952,    57.0, LAND,     , 0,  549.1,  0.00,    , 0,  0.00,  0.00
QSKF  ,  47.6756, -117.4330,   584.0, LAND,     , 0,  855.8,  0.00,    , 0,  0.00,  0.00
QSKT  ,  47.2134, -122.5331,   128.0, LAND,     , 0,  498.2,  0.00,    , 0,  0.00,  0.00
QSNL  ,  47.7235, -122.2975,    64.0, LAND,     , 0,  500.9,  0.00,    , 0,  0.00,  0.00
QSNZ  ,  47.6263, -122.3157,   129.0, LAND,     , 0,  502.3,  0.00,    , 0,  0.00,  0.00
QSRV  ,  47.6542, -122.3094,    37.0, LAND,     , 0,  502.0,  0.00,    , 0,  0.00,  0.00
QTKM  ,  47.2286, -122.4482,   105.0, LAND,     , 0,  504.0,  0.00,    , 0,  0.00,  0.00
QTNB  ,  47.2892, -122.5569,    77.0, LAND,     , 0,  494.3,  0.00,    , 0,  0.00,  0.00
QTVT  ,  47.9486, -122.2248,   130.0, LAND,     , 0,  499.8,  0.00,    , 0,  0.00,  0.00
QUIN  ,  47.0335, -122.8966,    40.0, LAND,     , 0,  476.9,  0.00,    , 0,  0.00,  0.00
QUIP  ,  45.3950, -122.6114,    24.0, LAND,     , 0,  544.0,  0.00,    , 0,  0.00,  0.00
QVAS  ,  47.5824, -122.1155,    65.0, LAND,     , 0,  518.1,  0.00,    , 0,  0.00,  0.00
QWAK  ,  45.5657, -122.6420,    50.0, LAND,     , 0,  537.0,  0.00,    , 0,  0.00,  0.00
QWER  ,  47.6842, -117.4154,   582.0, LAND,     , 0,  856.8,  0.00,    , 0,  0.00,  0.00
QWLM  ,  45.5997, -122.7504,    26.0, LAND,     , 0,  528.1,  0.00,    , 0,  0.00,  0.00
QWSU  ,  46.3323, -119.2648,   114.0, LAND,     , 0,  760.7,  0.00,    , 0,  0.00,  0.00
QWZR  ,  45.5323, -122.7337,   234.0, LAND,     , 0,  531.2,  0.00,    , 0,  0.00,  0.00
QXRD  ,  47.6200, -122.1393,    92.0, LAND,     , 0,  515.3,  0.00,    , 0,  0.00,  0.00
QZOE  ,  47.7481, -117.4983,   602.0, LAND,     , 0,  849.0,  0.00,    , 0,  0.00,  0.00
RADR  ,  46.4218, -123.7990,   568.0, LAND,     , 0,  428.6,  0.00,    , 0,  0.00,  0.00
RATT  ,  47.4255, -121.8025,   440.0, LAND,     , 0,  545.3,  0.00,    , 0,  0.00,  0.00
ROBC  ,  45.3095, -123.8229,    55.0, LAND,     , 0,  458.4,  0.00,    , 0,  0.00,  0.00
RSLG  ,  45.0224, -123.8569,    68.0, LAND,     , 0,  464.1,  0.00,    , 0,  0.00,  0.00
SHUK  ,  48.8528, -121.6770,  1516.0, LAND,     , 0,  514.0,  0.00,    , 0,  0.00,  0.00
SLA   ,  47.5821, -122.3315,     6.0, LAND,     , 0,  502.4,  0.00,    , 0,  0.00,  0.00
SP2   ,  47.5563, -122.2492,    30.0, LAND,     , 0,  509.1,  0.00,    , 0,  0.00,  0.00
SQM   ,  48.0737, -123.0481,    45.0, LAND,     , 0,  436.4,  0.00,    , 0,  0.00,  0.00
STOR  ,  47.1881, -121.9888,   266.4, LAND,     , 0,  538.5,  0.00,    , 0,  0.00,  0.00
STW   ,  48.1507, -123.6711,   308.0, LAND,     , 0,  389.0,  0.00,    , 0,  0.00,  0.00
TAHO  ,  47.3444, -124.2875,     6.4, LAND,     , 0,  367.0,  0.00,    , 0,  0.00,  0.00
TAKO  ,  43.7433, -124.0825,    46.0, LAND,     , 0,  483.9,  0.00,    , 0,  0.00,  0.00
TOLO  ,  44.6219, -123.9225,    21.0, LAND,     , 0,  470.6,  0.00,    , 0,  0.00,  0.00
TOLT  ,  47.6947, -121.6895,   541.0, LAND,     , 0,  545.9,  0.00,    , 0,  0.00,  0.00
TREE  ,  42.7258, -120.8934,  1887.0, LAND,     , 0,  744.5,  0.00,    , 0,  0.00,  0.00
TUCA  ,  46.5139, -118.1455,   304.0, LAND,     , 0,  836.9,  0.00,    , 0,  0.00,  0.00
UMAT  ,  45.2904, -118.9595,  1318.0, LAND,     , 0,  812.4,  0.00,    , 0,  0.00,  0.00
VCR   ,  44.9827, -120.9893,  1014.0, LAND,     , 0,  673.6,  0.00,    , 0,  0.00,  0.00
WEDR  ,  42.4420, -124.4133,   184.6, LAND,     , 0,  496.7,  0.00,    , 0,  0.00,  0.00
WISH  ,  47.1170, -123.7712,    45.0, LAND,     , 0,  411.0,  0.00,    , 0,  0.00,  0.00
WOLL  ,  47.0573, -118.9210,   385.0, LAND,     , 0,  765.2,  0.00,    , 0,  0.00,  0.00
WPO   ,  45.5728, -122.7905,   334.0, LAND,     , 0,  526.0,  0.00,    , 0,  0.00,  0.00
YACH  ,  44.3150, -124.0966,   217.0, LAND,     , 0,  466.7,  0.00,    , 0,  0.00,  0.00
YACT  ,  45.9325, -122.4193,   211.2, LAND,     , 0,  542.8,  0.00,    , 0,  0.00,  0.00
BB030 ,  42.9473, -126.9336, -2730.0, OBS ,     , 0,  -22.4,  0.90, gor, 0,  6.00, 68.66
BB060 ,  42.8561, -126.1133, -2795.0, OBS ,     , 0,  361.4,  2.06, jdf, 0,  6.00, 614.44
BB070 ,  43.3068, -126.0068, -3023.0, OBS ,     , 0,  356.4,  8.15, jdf, 0,  6.00, 1068.18
BB090 ,  43.3736, -126.6603, -2901.0, OBS ,     , 0,  307.0,  6.30, jdf, 0,  6.00, 356.60
BB120 ,  43.9786, -127.2957, -2882.0, OBS ,     , 0,  243.7,  6.33, jdf, 0,  6.00, 398.54
BB130 ,  43.6388, -127.4713, -2902.0, OBS ,     , 0,  240.5,  5.99, jdf, 0,  6.00, 399.95
BB140 ,  43.4236, -127.6894, -2151.0, OBS ,     , 0,  230.8,  3.45, jdf, 0,  6.00, 396.86
BB150 ,  43.3147, -127.3500, -2512.0, OBS ,     , 0,  258.5,  3.26, jdf, 0,  6.00, 341.50
BB170 ,  43.1429, -127.7774, -4077.0, OBS ,     , 0,  -89.2,  2.58, gor, 0,  6.00, 296.36
BB180 ,  42.8682, -128.3050, -3305.0, OBS ,     , 0, -119.5,  4.22, gor, 0,  6.00, 239.76
BB200 ,  43.4890, -127.9580, -2477.0, OBS ,     , 0, -112.2,  3.41, gor, 0,  6.00, 400.78
BB230 ,  43.5660, -128.2584, -2365.0, OBS ,     , 0, -136.2,  4.23, gor, 0,  6.00, 405.19
BB240 ,  43.4275, -128.3557, -3220.0, OBS ,     , 0, -139.3,  4.42, gor, 0,  6.00, 407.42
BB260 ,  43.6233, -128.8630, -3132.0, OBS ,     , 0, -181.7,  5.77, gor, 0,  6.00, 336.66
BB290 ,  43.6264, -128.5144, -2760.0, OBS ,     , 0, -156.5,  4.63, gor, 0,  6.00, 401.00
BB300 ,  43.8389, -128.3178, -2897.0, OBS ,     , 0,  173.4,  4.06, jdf, 0,  6.00, 403.55
BB320 ,  44.1708, -128.7077, -2769.0, OBS ,     , 0,  135.6,  2.65, jdf, 0,  6.00, 243.67
BB330 ,  44.6145, -128.6004, -2843.0, OBS ,     , 0,  130.9,  5.61, jdf, 0,  6.00, 258.21
BB350 ,  43.9870, -129.0756, -3297.0, OBS ,     , 0,  114.1,  4.47, jdf, 0,  6.00, 139.20
BB370 ,  43.7802, -129.3389, -3108.0, OBS ,     , 0, -220.7,  7.84, gor, 0,  6.00, 309.95
BB390 ,  43.9851, -129.6809, -3198.0, OBS ,     , 0, -251.4,  7.82, gor, 0,  6.00, 222.68
BB410 ,  43.9307, -129.9983, -3212.0, OBS ,     , 0, -272.9,  9.51, gor, 0,  6.00, 194.78
BB420 ,  43.6297, -130.2082, -3326.0, OBS ,     , 0, -279.4,  9.17, gor, 0,  6.00, 174.92
BB440 ,  44.2111, -130.4581, -3145.0, OBS ,     , 0, -314.3,  4.50, gor, 0,  6.00, 100.83
BB450 ,  44.2255, -130.7661, -3119.0, OBS ,     , 0, -337.0,  6.33, gor, 0,  6.00, 109.09
BB480 ,  44.3489, -130.0212, -4787.0, OBS ,     , 0,   35.1,  2.43, jdf, 0,  6.00, 84.94
BB510 ,  44.3107, -129.3370, -2538.0, OBS ,     , 0,   85.9,  5.40, jdf, 0,  6.00, 108.14
BB530 ,  44.5461, -129.8200, -2912.0, OBS ,     , 0,   44.2,  1.60, jdf, 0,  6.00, 66.73
BB540 ,  44.5941, -130.1909, -2536.0, OBS ,     , 0,   15.8,  0.56, jdf, 0,  6.00, 29.92
BB550 ,  44.6772, -130.6202, -2995.0, OBS ,     , 0,  -17.7,  0.77, jdf, 0,  6.00, 77.29
BS010 ,  43.2059, -127.0490, -4380.0, OBS ,     , 0,  283.5,  4.17, jdf, 0,  6.00, 224.76
BS020 ,  43.0880, -127.2094, -3046.0, OBS ,     , 0,  -46.4,  1.76, gor, 0,  6.00, 166.11
BS040 ,  43.1232, -126.7167, -3424.0, OBS ,     , 0,  310.0,  4.55, jdf, 0,  6.00, 222.88
BS050 ,  42.7943, -126.5270, -2720.0, OBS ,     , 0,   11.5,  0.56, gor, 0,  6.00, 152.14
BS080 ,  43.2105, -126.3295, -3005.0, OBS ,     , 0,  335.7,  7.09, jdf, 0,  6.00, 545.73
BS100 ,  43.5369, -126.8570, -2957.0, OBS ,     , 0,  288.1,  6.31, jdf, 0,  6.00, 391.87
BS110 ,  43.7095, -127.1695, -2981.0, OBS ,     , 0,  260.5,  6.43, jdf, 0,  6.00, 397.94
BS160 ,  43.2092, -127.4997, -2353.0, OBS ,     , 0,  -71.0,  2.24, gor, 0,  6.00, 307.96
BS190 ,  43.3117, -128.0770, -3071.0, OBS ,     , 0, -115.8,  3.40, gor, 0,  6.00, 391.08
BS210 ,  43.6682, -127.8082, -2610.0, OBS ,     , 0,  215.2,  4.62, jdf, 0,  6.00, 401.30
BS220 ,  43.7366, -128.0211, -2977.0, OBS ,     , 0,  197.8,  4.22, jdf, 0,  6.00, 402.18
BS250 ,  43.5069, -128.6591, -3201.0, OBS ,     , 0, -163.6,  5.25, gor, 0,  6.00, 402.55
BS280 ,  43.7358, -128.6965, -3535.0, OBS ,     , 0, -172.9,  3.98, gor, 0,  6.00, 321.02
BS310 ,  43.9240, -128.5868, -2582.0, OBS ,     , 0,  151.4,  3.26, jdf, 0,  6.00, 331.35
BS340 ,  44.1373, -129.0021, -2500.0, OBS ,     , 0,  115.2,  2.97, jdf, 0,  6.00, 117.08
BS360 ,  44.0367, -129.3326, -2427.0, OBS ,     , 0,   94.0,  6.63, jdf, 0,  6.00, 178.53
BS380 ,  43.8101, -129.6418, -3215.0, OBS ,     , 0, -243.6,  8.61, gor, 0,  6.00, 298.47
BS401 ,  44.1061, -129.9271, -3210.0, OBS ,     , 0, -272.8,  6.68, gor, 0,  6.00, 156.58
BS430 ,  44.1003, -130.2077, -3210.0, OBS ,     , 0, -292.9,  5.77, gor, 0,  6.00, 124.88
BS460 ,  44.4392, -130.8332, -2847.0, OBS ,     , 0, -348.0,  2.28, gor, 0,  6.00, 124.67
BS470 ,  44.3661, -130.3728, -2379.0, OBS ,     , 0,    9.1,  0.84, jdf, 0,  6.00, 84.82
BS490 ,  44.2393, -129.6700, -3652.0, OBS ,     , 0,   63.7,  4.09, jdf, 0,  6.00, 126.83
BS500 ,  44.1612, -129.4833, -3486.0, OBS ,     , 0,   79.5,  6.13, jdf, 0,  6.00, 154.18
BS520 ,  44.4315, -129.6036, -2527.0, OBS ,     , 0,   63.1,  2.43, jdf, 0,  6.00, 94.89
